0.7026794
0.5188473
0.469291
0.7147783
0.52093405
0.47240043
0.713903
0.5379286
0.4869147
0.7201445
0.5328091
0.47901252
0.76189834
0.67945683
0.5933694
0.753292
0.62891865
0.549235
0.7496088
0.5311023
0.4863927
0.68113333
0.68801653
0.742362
0.92305446
0.91916263
0.9559801
0.833335
0.82434183
0.8582498
0.65535337
0.6198518
0.66431797
0.8160974
0.79075384
0.83051044
0.97081417
0.9824809
0.9861906
0.7713136
0.8188183
0.91515553
0.7607421
0.64072573
0.64835703
0.73994374
0.53240055
0.525929
0.80216193
0.7375174
0.7272445
0.7469459
0.5774386
0.57608074
0.8571978
0.7352693
0.7387538
0.7441782
0.5479853
0.53342414
0.73954254
0.5049191
0.49297795
0.7497604
0.5340181
0.5129489
0.751508
0.4934077
0.4690359
0.70250124
0.5674659
0.564201
0.78759587
0.71798724
0.72391665
0.71923727
0.5264696
0.51631784
0.70219606
0.4808783
0.46040887
0.700431
0.47376317
0.45371848
0.7101007
0.47283727
0.44567215
0.7936864
0.74603844
0.66395426
0.678308
0.45459378
0.42904115
0.68111354
0.4501384
0.41934425
0.6926055
0.485
0.44970465
0.6832076
0.49692482
0.46254203
0.7324844
0.5950682
0.5821791
0.6339676
0.43998995
0.4268665
0.61157
0.42578334
0.40786147
0.61956286
0.43391234
0.42436805
0.6331461
0.4318408
0.41340032
0.6955942
0.4983278
0.46561676
0.6319141
0.41935515
0.38905805
0.62380946
0.41413164
0.37687728
0.61884296
0.40932375
0.37056115
0.6172977
0.40787256
0.36968696
0.61588335
0.40448746
0.36748937
0.6107287
0.40289962
0.3667732
0.60902077
0.39515594
0.36341357
0.59154975
0.39739877
0.36350733
0.59587
0.40958843
0.3820579
0.5678406
0.35830337
0.3336096
0.7069081
0.52881837
0.47891936
0.7293399
0.5633328
0.5131852
0.725
0.5664194
0.5135352
0.711026
0.5336453
0.4814087
0.7204987
0.51282775
0.46176416
0.73273164
0.52348477
0.46959472
0.73411053
0.5165955
0.48229927
0.6883513
0.6283599
0.6701911
0.94708896
0.94129884
0.9647817
0.7191786
0.5312161
0.5619319
0.6290613
0.556479
0.58553535
0.9006827
0.8439024
0.86074245
0.8005314
0.66476184
0.7039344
0.98451424
0.9909485
0.9952059
0.9900574
0.98665565
0.9856167
0.72385657
0.51652163
0.5294767
0.7071545
0.5215066
0.526623
0.7916747
0.67561984
0.6721108
0.8930585
0.8959698
0.8851588
0.73379314
0.5178773
0.51140106
0.74004275
0.49458963
0.47801858
0.73704165
0.4964963
0.4727922
0.747394
0.4886681
0.46212444
0.7287118
0.6105102
0.6017713
0.7700735
0.66079366
0.65065885
0.6386915
0.59634936
0.6000651
0.70662606
0.49648282
0.48125425
0.6937243
0.4698621
0.44987997
0.70576763
0.46211746
0.43740195
0.66943705
0.45452222
0.42776835
0.6647332
0.46237475
0.43242598
0.67786777
0.44996965
0.41975567
0.67853504
0.471404
0.43620482
0.64759254
0.4714416
0.4384719
0.7721148
0.6379279
0.6197112
0.6471986
0.46532515
0.45949528
0.63270605
0.44854295
0.44412082
0.61927533
0.44919664
0.4380543
0.6032799
0.43080184
0.41643423
0.6502364
0.43959722
0.41204044
0.63401085
0.41751274
0.39174977
0.6216743
0.40666196
0.37475812
0.6191804
0.40862858
0.3726519
0.6215359
0.41301492
0.3768866
0.6182089
0.41035473
0.37544557
0.60804105
0.3961687
0.36178213
0.60452867
0.39022133
0.35782173
0.5922334
0.38032737
0.34882224
0.5828416
0.37479866
0.3458762
0.571077
0.36361602
0.3397975
0.7000932
0.5240434
0.47751245
0.7276139
0.5604533
0.51276696
0.71088606
0.5240175
0.4781378
0.7130016
0.51774263
0.47137055
0.7197574
0.51380396
0.46391302
0.7283217
0.5135587
0.46065944
0.7366298
0.5192388
0.46999553
0.6855757
0.4854336
0.48869827
0.6862911
0.47551605
0.46850136
0.7010273
0.47310477
0.4687977
0.71507025
0.50331014
0.50092185
0.7093334
0.48444638
0.4728219
0.7106541
0.49451852
0.4931897
0.9659407
0.9453156
0.97154176
0.7569505
0.5822377
0.5949408
0.72840625
0.49600753
0.5024592
0.73669463
0.49951833
0.49426314
0.77191246
0.6383688
0.64547575
0.9622082
0.98422605
0.97890776
0.7114903
0.4850762
0.4654552
0.7272434
0.48210752
0.46210504
0.72697353
0.47571763
0.45150068
0.7360277
0.48282862
0.4537486
0.70351744
0.50436383
0.48982546
0.6798473
0.47654313
0.4603005
0.68890244
0.5734481
0.5590553
0.9948819
0.9920179
0.9805297
0.6850795
0.4723042
0.44975522
0.7036503
0.4560764
0.43211663
0.65702397
0.43930632
0.41159993
0.66949815
0.45486867
0.42696893
0.6725874
0.45330328
0.42315194
0.6900892
0.49636024
0.45503098
0.64262366
0.4758157
0.44104254
0.6442943
0.47165516
0.4526353
0.6406278
0.46544534
0.45886952
0.6164377
0.4256657
0.41248575
0.6141051
0.42227128
0.40484664
0.63392127
0.44809163
0.4200015
0.63752997
0.42760095
0.39947122
0.64012307
0.43160054
0.40431
0.63220686
0.42373678
0.39361486
0.61996126
0.41680455
0.3789236
0.61890763
0.41249537
0.37590292
0.6188005
0.41931856
0.3823112
0.60948056
0.40003705
0.36443225
0.6014299
0.38986012
0.35443616
0.5892535
0.37619457
0.34317854
0.58239704
0.3693787
0.3381579
0.57280463
0.36705583
0.33879906
0.68917656
0.5281815
0.48321038
0.6951239
0.51964575
0.4752152
0.70161116
0.5149203
0.47298425
0.7067322
0.5139408
0.46744514
0.71314716
0.50491846
0.4533961
0.7170084
0.5065592
0.4525868
0.72476554
0.5174112
0.46382165
0.7003246
0.49045312
0.45570624
0.6694568
0.4534789
0.4402915
0.6841682
0.46049166
0.44849434
0.69018
0.45804882
0.44488585
0.6950546
0.4563486
0.4441322
0.69619596
0.46075767
0.44728944
0.695803
0.46518442
0.45090452
0.6915021
0.48284885
0.47587132
0.71477526
0.48097625
0.47018632
0.74082035
0.58770806
0.62022007
0.85815877
0.8300884
0.8376824
0.8378956
0.81932634
0.8012581
0.7119795
0.48601437
0.4596745
0.7130091
0.4962819
0.47641075
0.7197161
0.46644968
0.43882304
0.72376937
0.4757813
0.44459823
0.72464633
0.5853088
0.5875178
0.673361
0.46593818
0.44579297
0.67335975
0.48019463
0.44650337
0.78838825
0.684328
0.665935
0.68988615
0.50595766
0.51303035
0.71137
0.46035343
0.4321908
0.65583307
0.4465766
0.41347694
0.6434901
0.4707594
0.45802808
0.66257644
0.5247206
0.50516546
0.6591599
0.48000008
0.44333455
0.6348694
0.46676436
0.44587576
0.653838
0.4880324
0.47419247
0.6381415
0.46450272
0.4491139
0.6174653
0.42519864
0.41279972
0.60650617
0.40778
0.38395965
0.6324212
0.44420218
0.41360492
0.6346619
0.42782858
0.39714244
0.6275994
0.4177803
0.38982993
0.629455
0.4240464
0.39548266
0.6296704
0.43738812
0.40300572
0.63215315
0.45117953
0.41253653
0.6919001
0.51594424
0.47057346
0.6176528
0.41684812
0.38109326
0.60539305
0.3960746
0.36117285
0.5898769
0.3790249
0.343822
0.5833428
0.3694374
0.33774158
0.5691493
0.36439618
0.33429015
0.6826777
0.51044077
0.46782815
0.69008577
0.51076293
0.46918294
0.6952224
0.51813877
0.47426334
0.70142746
0.50865597
0.46015763
0.70509547
0.50310713
0.4491139
0.7104564
0.50165975
0.4463399
0.7129048
0.5077579
0.45077986
0.7100903
0.49168068
0.44167167
0.6586881
0.4433647
0.43005136
0.6717527
0.45129552
0.43867493
0.6790709
0.45537046
0.4419922
0.6825904
0.4489446
0.4359206
0.6859949
0.44995907
0.4335515
0.68193907
0.44551605
0.4284628
0.6860549
0.4491939
0.43071833
0.70644444
0.46521178
0.44519928
0.70725477
0.5995805
0.62063366
0.95700043
0.9412322
0.9602531
0.6851216
0.5109709
0.48795754
0.7000112
0.47877446
0.46534613
0.76131636
0.54528564
0.5307556
0.71477735
0.46394032
0.4321888
0.7127522
0.4712715
0.43839958
0.731059
0.57203174
0.5750857
0.6623614
0.46462774
0.44240916
0.6713159
0.4718367
0.4457466
0.64375186
0.45242247
0.42037374
0.67362416
0.54977995
0.55711544
0.72977155
0.49391222
0.45702058
0.6652765
0.4731307
0.43875962
0.8307974
0.85366786
0.85221535
0.6430055
0.6552627
0.6409208
0.7007552
0.5273238
0.5260915
0.62654704
0.46000805
0.45150033
0.63828284
0.47278336
0.49919197
0.621923
0.42743415
0.4173967
0.62244844
0.43888152
0.43056726
0.6030796
0.40666243
0.38272902
0.6088396
0.41475827
0.38323742
0.62474906
0.42883545
0.38971844
0.6788557
0.49461228
0.46418557
0.6244386
0.4283237
0.39768916
0.6236701
0.47038913
0.4230737
0.7648411
0.792045
0.65671384
0.8573287
0.88916713
0.76993483
0.9729618
0.9084203
0.85335207
0.6064288
0.40046465
0.36487028
0.58923435
0.38310844
0.34600952
0.58519983
0.37493086
0.34048098
0.5666535
0.35760084
0.32535595
0.6759444
0.5000762
0.45742664
0.6883261
0.5100184
0.46605748
0.69640386
0.52042574
0.47279796
0.69908714
0.5157941
0.4636286
0.70078576
0.49976707
0.44359
0.70824367
0.49991736
0.44292033
0.7122008
0.49984437
0.4444491
0.7090041
0.48596898
0.43728814
0.6503373
0.4365214
0.42151666
0.66202486
0.45059007
0.43526086
0.6679678
0.44815317
0.4342357
0.6705505
0.44386953
0.42837027
0.67521936
0.44656855
0.42836744
0.67470014
0.44742477
0.4271871
0.68591374
0.4561062
0.4349767
0.6937437
0.4546566
0.43047932
0.80840445
0.70113945
0.7281663
0.6778574
0.5208835
0.5448867
0.6946946
0.4880923
0.46645102
0.7026243
0.47218367
0.45767087
0.7213944
0.5292698
0.50204444
0.70887756
0.4642952
0.43115017
0.7012007
0.46163115
0.42566758
0.6937561
0.49709114
0.48624074
0.6578778
0.45614475
0.4342339
0.6485257
0.44007027
0.41593346
0.64396214
0.43581685
0.40923053
0.6527221
0.47027078
0.45445973
0.746537
0.6168855
0.59953064
0.6973383
0.5920254
0.57000667
0.8095551
0.79752964
0.7673447
0.64640135
0.5271956
0.5176373
0.7878392
0.6159831
0.65058964
0.73585266
0.595502
0.62887305
0.65832686
0.5149968
0.5626352
0.6303182
0.45874804
0.44998536
0.60928893
0.43209624
0.4189311
0.6025808
0.4159267
0.3945972
0.6150949
0.4119717
0.38121995
0.6241532
0.4187779
0.3853324
0.6130262
0.4695914
0.40352544
0.6183582
0.43866536
0.3989313
0.79658425
0.81549793
0.6917538
0.82966185
0.8251002
0.71602416
0.8709593
0.87847996
0.7602703
0.7324311
0.7393144
0.62979794
0.60845524
0.40369987
0.36632714
0.5941041
0.39148507
0.35446241
0.57956284
0.37181804
0.33629152
0.5691066
0.36204788
0.3281416
0.6958237
0.5474873
0.5130722
0.68511003
0.5331753
0.49068686
0.73738575
0.6509742
0.60876226
0.6944601
0.50961566
0.457583
0.6949835
0.4974705
0.43919945
0.70691293
0.49882713
0.44172737
0.71066713
0.5480287
0.51711893
0.7764814
0.63044584
0.5869783
0.6499745
0.44125062
0.423529
0.6529455
0.44335428
0.42695194
0.6616429
0.44541767
0.4287475
0.66355735
0.44166133
0.42342788
0.66789216
0.44769275
0.42754686
0.6705445
0.44638643
0.4259684
0.67749757
0.4501926
0.42421517
0.6938801
0.449936
0.4254145
0.73774266
0.58222735
0.60999197
0.6901074
0.55971634
0.56492907
0.67567706
0.44750732
0.42626813
0.68802685
0.46328402
0.45161608
0.69083035
0.47474313
0.45018855
0.7336866
0.578228
0.53662735
0.6944563
0.46233287
0.42957643
0.68083245
0.51539546
0.51253104
0.6558566
0.47520703
0.46091428
0.6413042
0.43888888
0.41434604
0.6386371
0.43362707
0.40533558
0.6405484
0.43322206
0.40415975
0.73887473
0.5266848
0.4938
0.79880536
0.9809522
0.94287336
0.7689875
0.68021065
0.65453124
0.551926
0.4690429
0.47328296
0.77346474
0.8514768
0.8013503
0.9253514
0.94117785
0.9444391
0.70713186
0.5527875
0.59310544
0.60256416
0.4629568
0.45496804
0.6151007
0.45349047
0.44238046
0.7197435
0.5931023
0.5768622
0.619697
0.4205727
0.39215574
0.6244311
0.42727807
0.39656803
0.6335382
0.45679024
0.41184112
0.63370556
0.48889467
0.43331328
0.69488704
0.5653576
0.50229424
0.73178405
0.69148916
0.5888425
0.5709484
0.43884358
0.3804885
0.52897567
0.49074468
0.3849414
0.60642827
0.40025267
0.36471063
0.5986431
0.39505014
0.35985714
0.5774126
0.3710481
0.33582404
0.5702418
0.3626814
0.3316923
0.6969847
0.5201183
0.50604
0.7128363
0.6521139
0.61044216
0.69912064
0.51445335
0.47040182
0.68702227
0.5093178
0.45585972
0.6909731
0.4964316
0.43932697
0.7020961
0.49234012
0.436044
0.73526937
0.65825266
0.6402252
0.685134
0.519596
0.47706223
0.67736614
0.4627707
0.42552954
0.65067416
0.4487441
0.42891318
0.650952
0.43987986
0.4193102
0.65498394
0.43855152
0.41813436
0.66214734
0.44168112
0.4190245
0.6629385
0.43991798
0.4172029
0.6648446
0.42882827
0.40142965
0.6855119
0.45458496
0.42209414
0.710032
0.6168513
0.5967066
0.6846104
0.53543365
0.5427194
0.70073557
0.49082065
0.47841045
0.6988258
0.56914
0.54718554
0.6609386
0.51347244
0.4794774
0.6741314
0.4942183
0.45900148
0.6578278
0.58265644
0.5655644
0.7214196
0.7074686
0.6973801
0.64333665
0.4970488
0.48834836
0.6417111
0.45356515
0.4293744
0.62870926
0.4361455
0.40496546
0.6394333
0.4385381
0.41099083
0.7493233
0.5077918
0.47732538
0.60672724
0.4525083
0.41396073
0.6198063
0.49753785
0.4819911
0.7882999
0.76499206
0.7512557
0.6520899
0.5201807
0.4994999
0.69823617
0.5988852
0.58781576
0.63802564
0.49371648
0.5252507
0.67735344
0.6143061
0.6024439
0.6882962
0.63188887
0.63194424
0.63595814
0.5512767
0.53042096
0.6052156
0.44924563
0.43012023
0.6206394
0.4444011
0.41137946
0.7152424
0.55789256
0.51855147
0.8414153
0.77582365
0.66287076
0.73018146
0.67351127
0.57042795
0.7124511
0.6857121
0.57963973
0.6016848
0.426637
0.37904036
0.59576684
0.43827853
0.38851532
0.62971175
0.44749326
0.40591985
0.59145254
0.38509887
0.3506585
0.5839628
0.38212016
0.3481159
0.5699787
0.3637994
0.332201
0.7972181
0.7570545
0.7395813
0.81224144
0.7849045
0.7519856
0.6716893
0.545814
0.5043428
0.67150044
0.5403057
0.4877227
0.6821187
0.505844
0.44669613
0.6948913
0.49967176
0.4423179
0.74127
0.59487385
0.55642736
0.7872156
0.63879496
0.60080695
0.6684138
0.48169333
0.45271495
0.6427991
0.4454559
0.42108625
0.6467755
0.4373342
0.41560242
0.65304285
0.4445352
0.4213258
0.657814
0.44225553
0.41570517
0.6555784
0.4228151
0.39633197
0.6626854
0.42660916
0.39717525
0.66786003
0.43422848
0.40569082
0.63166195
0.46066913
0.45619166
0.67773116
0.5054577
0.52083707
0.80108434
0.7187334
0.72544485
0.69884235
0.48884964
0.4655229
0.8071178
0.8354824
0.71347356
0.71064335
0.61735266
0.61441284
0.71954954
0.6150764
0.61755043
0.70039874
0.74459785
0.7410687
0.6799603
0.50607926
0.4775925
0.66103524
0.4774935
0.4572413
0.7418382
0.57534224
0.54381174
0.63596547
0.44732428
0.42259118
0.8437131
0.6328722
0.61275876
0.59349096
0.42368746
0.39103875
0.5889794
0.41320375
0.3893066
0.57702017
0.40957698
0.37548244
0.5753464
0.40402797
0.37224776
0.8738878
0.86557347
0.82187724
0.63477916
0.58344835
0.5440905
0.58601815
0.4401267
0.43241838
0.5669989
0.42725253
0.41600576
0.55747324
0.445295
0.4256355
0.73211795
0.58865064
0.5489562
0.647657
0.4730801
0.43242463
0.7616456
0.586761
0.5416427
0.67935574
0.52596676
0.47362238
0.59770805
0.49008358
0.41339856
0.59873605
0.43630576
0.3931511
0.5945177
0.4256289
0.38866556
0.8366662
0.71979445
0.6602591
0.59763825
0.40583083
0.3664298
0.5956791
0.3952573
0.36031193
0.5842163
0.38338482
0.34824345
0.5719887
0.39186984
0.35555443
0.816874
0.8029989
0.7870866
0.82857865
0.810857
0.78269345
0.62445533
0.63953316
0.58121735
0.63254124
0.55937517
0.50536263
0.693549
0.52685946
0.48030844
0.68185246
0.4885488
0.42842102
0.6836367
0.4738564
0.42136785
0.66740763
0.47990885
0.44471484
0.6246436
0.48313174
0.4667422
0.67300636
0.50167805
0.46389842
0.64090323
0.43560508
0.41223347
0.65100956
0.4445576
0.42029005
0.6514473
0.43625423
0.4074191
0.6520837
0.42691004
0.39844736
0.6565814
0.4244643
0.3936774
0.6572999
0.4299495
0.4048001
0.67712325
0.4772307
0.47374353
0.651746
0.44281378
0.442708
0.8618462
0.7586684
0.7685925
0.7037268
0.52267087
0.50431997
0.6643833
0.5726597
0.5020431
0.6800063
0.49191198
0.4615636
0.5990033
0.5369276
0.5251296
0.7602407
0.6507307
0.6454707
0.6612339
0.49350464
0.47815427
0.64882845
0.47339982
0.4566197
0.77312934
0.64280766
0.61085135
0.6326069
0.51444954
0.49413738
0.73431426
0.5299867
0.5090385
0.5913769
0.40909854
0.39087167
0.5801076
0.39931563
0.37257898
0.56938815
0.3983108
0.36449996
0.56567967
0.38826382
0.35564744
0.56605494
0.39615583
0.3607999
0.57154536
0.39953718
0.36771402
0.70299596
0.65803766
0.62717104
0.5781763
0.46339867
0.44945595
0.56490093
0.39973995
0.3753914
0.59062886
0.43481305
0.41779768
0.88323087
0.76881963
0.7250509
0.8032883
0.6696844
0.6296751
0.61650157
0.4467906
0.41829476
0.59445965
0.45276204
0.39851096
0.59285355
0.4334293
0.3982239
0.5745121
0.48169905
0.41168457
0.62658876
0.5778482
0.49108663
0.61762255
0.46541926
0.43016446
0.59369916
0.40201372
0.3680376
0.5728842
0.37118715
0.3365121
0.5686665
0.37513855
0.3395472
0.682408
0.5830004
0.57409924
0.6319021
0.54680926
0.5181785
0.60666496
0.58860844
0.5566913
0.63508546
0.4906842
0.45905083
0.68197197
0.50160205
0.46131724
0.68191147
0.49220482
0.43521532
0.6757151
0.4717404
0.4172937
0.6139321
0.45846072
0.42724884
0.63587177
0.46118146
0.435258
0.6381039
0.44766837
0.41847715
0.6385682
0.4347167
0.40932736
0.63365895
0.4278545
0.4020776
0.644045
0.433006
0.4028493
0.6499239
0.43363675
0.40325198
0.648707
0.42991498
0.39757654
0.6736113
0.45696223
0.44188756
0.6588464
0.44046125
0.43153903
0.6400771
0.42794713
0.41470343
0.8731775
0.7226762
0.71937174
0.79169697
0.66015124
0.6452959
0.6831077
0.5672925
0.5413621
0.8198906
0.76911867
0.73266584
0.6068944
0.4859506
0.46398067
0.62724465
0.4676546
0.44795612
0.61320406
0.4201931
0.39069992
0.66225857
0.5022279
0.47005704
0.68133134
0.5434516
0.5051732
0.81373996
0.71668446
0.6940178
0.73345625
0.5478612
0.53337514
0.68790126
0.5929423
0.57395285
0.56830466
0.3828461
0.36337274
0.5616557
0.407958
0.37611258
0.56940866
0.41335645
0.386854
0.5671099
0.40811014
0.38186997
0.5603955
0.40318444
0.38028136
0.5664057
0.41674367
0.39649987
0.5638613
0.38500267
0.35546708
0.5629579
0.39641377
0.36646503
0.56377745
0.44866276
0.41006234
0.66679627
0.53836274
0.48568448
0.60374564
0.4397938
0.3977564
0.5909666
0.42160997
0.38292012
0.58432525
0.4179554
0.37785545
0.5711148
0.3980928
0.36050993
0.57631
0.4326978
0.38248965
0.5875339
0.45915493
0.412269
0.6027858
0.43620402
0.3946135
0.6109176
0.43812647
0.3943514
0.5740559
0.39313298
0.35866055
0.56828284
0.38236254
0.34119067
0.62533146
0.5508538
0.54513687
0.6261773
0.4908062
0.4645321
0.5922919
0.57302535
0.5453376
0.6365816
0.4903684
0.4619788
0.66293854
0.4890972
0.4463861
0.6752167
0.48675364
0.42990872
0.6693833
0.4702106
0.4153029
0.6202827
0.47117698
0.4392966
0.62202334
0.4251741
0.3968566
0.62570095
0.4322582
0.40211028
0.6319959
0.43004304
0.4036392
0.63490313
0.4309948
0.40500402
0.6422848
0.43934497
0.40788147
0.6504041
0.43902233
0.4081076
0.64733624
0.44057688
0.40667537
0.6466701
0.44065306
0.42667028
0.65448666
0.44077024
0.43594632
0.63029355
0.42029697
0.4087104
0.64423263
0.4406942
0.4305935
0.7099875
0.52956307
0.5120618
0.8446647
0.72441494
0.69100326
0.71135235
0.63628715
0.59803146
0.6231792
0.44358826
0.4171994
0.6601312
0.4943233
0.47722915
0.6119157
0.42774165
0.39542776
0.6958694
0.5811398
0.5574713
0.63541675
0.54709864
0.4894727
0.6390469
0.55063915
0.50381655
0.70232743
0.50401354
0.48274
0.56818634
0.42577076
0.40444013
0.5658341
0.41370463
0.4011138
0.56565875
0.4164033
0.39335456
0.5649145
0.41161454
0.38673794
0.5591811
0.40011278
0.3735521
0.5571139
0.40193668
0.3775341
0.5600438
0.38746676
0.3599238
0.5607908
0.38752082
0.35759145
0.5615335
0.39730754
0.36483255
0.57261795
0.3968461
0.36127278
0.5823618
0.39504576
0.35712805
0.5870488
0.4153484
0.37473148
0.5864919
0.41140708
0.3705533
0.5852331
0.40643758
0.36373025
0.56671226
0.39224243
0.35098723
0.55245197
0.37337962
0.33277345
0.5994541
0.44426858
0.4014013
0.61433756
0.44596335
0.40511298
0.5808343
0.39420152
0.35455376
0.56076676
0.37305486
0.3398584
0.55524915
0.37481645
0.3299684
0.57828647
0.47547105
0.4791916
0.6044721
0.48065177
0.46136597
0.6390815
0.53022027
0.5157784
0.61873513
0.5063953
0.4760466
0.6717485
0.534098
0.49743316
0.66015506
0.4683377
0.41177872
0.66106457
0.47035894
0.4138176
0.6164656
0.4580035
0.42562303
0.6089982
0.43204746
0.40536892
0.62440145
0.42586827
0.39523593
0.62298363
0.4275149
0.39907002
0.64162236
0.44432166
0.41528532
0.63055825
0.42798865
0.39576647
0.6363701
0.4375988
0.40431225
0.6326919
0.42392966
0.38964778
0.6328178
0.44502184
0.4271486
0.64054984
0.4339254
0.42491037
0.6147229
0.40406942
0.38423115
0.6183114
0.41442198
0.3923734
0.6405431
0.4303491
0.40204287
0.6324431
0.42580554
0.39327532
0.638255
0.43460977
0.398579
0.6222347
0.4216436
0.3857863
0.6146219
0.42919332
0.40226406
0.60636026
0.43963555
0.40471074
0.5965662
0.47547206
0.4462017
0.65335023
0.5315969
0.46049267
0.65027684
0.50455165
0.47853932
0.6508195
0.49032944
0.46429273
0.5600971
0.41047147
0.37942246
0.55874217
0.41454923
0.38467902
0.5572084
0.40773025
0.38316485
0.54968464
0.38768375
0.3550938
0.547976
0.39220798
0.35897276
0.54620266
0.3839806
0.35361746
0.55237144
0.37922388
0.34708533
0.5560195
0.38602263
0.35518262
0.5547289
0.38257176
0.3478211
0.56982756
0.3830836
0.34758058
0.5725069
0.39056328
0.35025394
0.57432824
0.39812925
0.35588244
0.5781178
0.40134466
0.35895994
0.5782995
0.40685645
0.36297175
0.56132185
0.38845825
0.34546012
0.54517436
0.37210807
0.32858363
0.5552962
0.37046382
0.32984954
0.56581676
0.38002482
0.3385745
0.56572676
0.37527525
0.3353415
0.5817478
0.39524835
0.35921487
0.54875714
0.35921437
0.32154754
0.5888564
0.46494403
0.43631908
0.5831598
0.512717
0.4879556
0.71369976
0.63893044
0.640002
0.7443477
0.74755716
0.7267995
0.6784321
0.5812577
0.5239279
0.6540603
0.4609071
0.40132
0.6506281
0.4686157
0.40910128
0.60324085
0.46795246
0.45026475
0.596933
0.49477077
0.47942552
0.6157592
0.4192235
0.3833039
0.6187631
0.42306814
0.39103088
0.6205012
0.4250536
0.39183012
0.62717307
0.43111354
0.39720073
0.6407294
0.4552147
0.41825256
0.6351695
0.4311471
0.3973306
0.62374103
0.42401382
0.40942752
0.6200154
0.41838628
0.41342235
0.6063864
0.39545158
0.3698387
0.62364084
0.43312052
0.409808
0.621058
0.41776097
0.3859461
0.6220032
0.41763827
0.3846097
0.6186218
0.4189786
0.38431776
0.616384
0.41706643
0.37761274
0.6041401
0.42186743
0.391297
0.6106302
0.44462398
0.40773588
0.5846884
0.40816087
0.37140825
0.5858446
0.42078784
0.38311464
0.59257066
0.44307208
0.41551542
0.66868
0.5158367
0.49656683
0.695694
0.56362844
0.5387174
0.53582865
0.41582724
0.3857283
0.5436868
0.38172135
0.34878543
0.5436331
0.3757081
0.3412156
0.5474468
0.385159
0.3553811
0.544312
0.3779469
0.34251833
0.54599863
0.3715384
0.33647084
0.5438258
0.37788862
0.34431356
0.5600654
0.4038843
0.36767027
0.55739224
0.37301406
0.3347004
0.5648864
0.38311052
0.3415661
0.57022
0.3970218
0.353717
0.5717673
0.3950857
0.3513362
0.56896645
0.3998777
0.35503715
0.5502693
0.37763193
0.33430472
0.5429518
0.36354223
0.32013407
0.5552622
0.3723564
0.33086035
0.56411684
0.37779102
0.33550435
0.56092364
0.3729849
0.3302598
0.55793464
0.37029818
0.3306263
0.544811
0.3565954
0.31745553
0.8232029
0.87755597
0.8718749
0.58449036
0.5132029
0.4899967
0.6886659
0.5875043
0.5813585
0.77180195
0.7518531
0.73912865
0.7519435
0.7027026
0.65039873
0.6484609
0.46850798
0.4011447
0.6391368
0.51160836
0.44448903
0.6007884
0.45162877
0.42896757
0.5879783
0.4423683
0.4062854
0.6101904
0.4245079
0.37992725
0.63901335
0.46233773
0.4100051
0.6155469
0.42443264
0.38836586
0.6186731
0.42259455
0.38903216
0.6217908
0.4276666
0.39242324
0.6131125
0.41865206
0.3912263
0.6042322
0.40834025
0.3845266
0.61396074
0.41887933
0.4118909
0.5991465
0.3923407
0.3657074
0.6283334
0.46500123
0.43329766
0.6114285
0.40766197
0.36847433
0.61400485
0.40886596
0.37098286
0.62185633
0.42227516
0.38217184
0.60891485
0.4288965
0.38718465
0.68692803
0.54834116
0.5099101
0.58803403
0.42955804
0.3918636
0.585857
0.41776887
0.38060075
0.59102076
0.43237892
0.39386672
0.5902236
0.42715502
0.38735616
0.54744035
0.4084244
0.3805866
0.5559208
0.43677118
0.41014323
0.5456369
0.4090665
0.38418669
0.5388034
0.3901636
0.36084634
0.5327153
0.37361234
0.33840674
0.5333597
0.37008312
0.33362287
0.5382965
0.3732679
0.33361724
0.5413515
0.37572742
0.3380687
0.53708935
0.37276402
0.3356626
0.55047494
0.4029511
0.36134052
0.5503504
0.37134618
0.32865873
0.5578979
0.37838036
0.33539274
0.556681
0.3923824
0.34580022
0.5562256
0.39312908
0.34556732
0.5566457
0.38838553
0.3422924
0.54231375
0.36930314
0.32387856
0.53734124
0.35950246
0.31505907
0.54734886
0.36038148
0.31827146
0.5669699
0.38360375
0.3362579
0.5659759
0.38808188
0.33674935
0.55879116
0.37834862
0.3343781
0.53776276
0.34720874
0.30672142
0.6176345
0.5509185
0.5349462
0.57107264
0.47390634
0.4536287
0.61726564
0.5111993
0.48875105
0.7344322
0.69019496
0.67509943
0.78847015
0.7843007
0.74738985
0.6307564
0.5071971
0.4107273
0.5903199
0.5209012
0.47113454
0.59148055
0.43315306
0.40043768
0.59447324
0.42803803
0.38799506
0.6230777
0.45431373
0.39905673
0.61643195
0.4473089
0.39506084
0.6094255
0.42142192
0.38559908
0.6155544
0.42179778
0.3877244
0.62594724
0.43290314
0.3997132
0.61499566
0.4147813
0.38263518
0.6354175
0.4496673
0.43435338
0.5937004
0.41911468
0.3877555
0.595434
0.39287552
0.36601648
0.593698
0.41718003
0.38743693
0.61080164
0.4086594
0.3721044
0.6095568
0.40976068
0.3703519
0.6098487
0.4121617
0.3718462
0.6063012
0.41094324
0.37121037
0.5899767
0.42080674
0.38868916
0.601128
0.44061804
0.4118535
0.64687186
0.50785935
0.47249198
0.5724939
0.40491733
0.36573142
0.5660227
0.40375605
0.36364537
0.59053284
0.4324525
0.40304282
0.524537
0.38941482
0.36450192
0.5357881
0.38177276
0.35233015
0.5276809
0.37093404
0.33459955
0.541637
0.41606948
0.3914722
0.529396
0.3849814
0.35971907
0.53418726
0.37610716
0.33975667
0.5335664
0.37584087
0.33893147
0.5304289
0.37746996
0.33854154
0.5474027
0.3978855
0.3550677
0.5439145
0.36903167
0.32450664
0.5490277
0.37227723
0.32762492
0.55144775
0.38411823
0.33737865
0.5539753
0.39137062
0.34442356
0.55278105
0.38700932
0.3400416
0.53400385
0.361745
0.31564897
0.53897667
0.36466795
0.31897455
0.54626197
0.37482688
0.32121384
0.6238941
0.4842327
0.42101908
0.56189203
0.38478485
0.32924458
0.5905923
0.4746775
0.42439696
0.54234993
0.36137006
0.32218406
0.56898254
0.4660043
0.42423266
0.57226986
0.45719907
0.4287364
0.59641725
0.5068409
0.47321597
0.9532919
0.9526609
0.93909156
0.69283843
0.63044363
0.5798212
0.6485885
0.5170205
0.437085
0.56923264
0.5356929
0.5006424
0.59492016
0.47425258
0.4498043
0.5937841
0.43596533
0.3976662
0.59965324
0.43259123
0.3825006
0.61955106
0.46763286
0.4239136
0.60216
0.416692
0.3846647
0.6081527
0.421663
0.38711783
0.61007386
0.41500944
0.3813617
0.6062537
0.40547758
0.37061393
0.61260974
0.44285336
0.42118424
0.59170544
0.42383802
0.4036236
0.58637196
0.3992866
0.37031674
0.58650017
0.42223012
0.38288462
0.6014785
0.40783167
0.3672003
0.6090899
0.41778955
0.37888688
0.60571414
0.42843914
0.38450563
0.6141814
0.4643528
0.42794925
0.6281417
0.5478485
0.5144885
0.5999149
0.4664036
0.42705023
0.6359744
0.49701458
0.4696789
0.58217394
0.44987637
0.38980603
0.56664765
0.39407122
0.35473832
0.54730505
0.39187142
0.3551633
0.57334363
0.5900555
0.58212
0.4924798
0.3907568
0.3653689
0.5277035
0.37504846
0.33900854
0.5661672
0.46271166
0.4548031
0.5615553
0.47694615
0.47972253
0.5244694
0.37447187
0.34104937
0.5269829
0.37419003
0.34179538
0.5262623
0.37631047
0.3395796
0.52348423
0.36572254
0.3231697
0.5341796
0.36365834
0.31721222
0.5400431
0.36323115
0.3167038
0.54426605
0.371245
0.32390633
0.5432714
0.3775502
0.33104536
0.5499434
0.38549057
0.34013268
0.52709377
0.3602533
0.31500763
0.52761096
0.35785595
0.31253552
0.6158744
0.628007
0.44412443
0.54299194
0.4386011
0.36868784
0.64085376
0.5095734
0.46241584
0.5420742
0.375505
0.32237455
0.5472181
0.38176623
0.33938968
0.6373664
0.6725393
0.6406358
0.59621894
0.5991137
0.5721618
0.593782
0.62847495
0.59563935
0.688011
0.6731956
0.66303086
0.6208081
0.47727594
0.4173081
0.62782085
0.48658183
0.41722754
0.5908857
0.5754144
0.55177027
0.5810268
0.46302623
0.43285877
0.58036554
0.4538091
0.42591688
0.5851167
0.4464679
0.4059848
0.595189
0.47014695
0.42989144
0.6030733
0.45803195
0.41790035
0.6007909
0.41813317
0.38070154
0.6054461
0.40511352
0.36903885
0.6017237
0.393575
0.3559192
0.5843882
0.40886617
0.37916648
0.5781424
0.40617433
0.39217395
0.57463706
0.40144798
0.36944196
0.5876861
0.3976159
0.3617791
0.59406114
0.4339307
0.38955033
0.60874933
0.4351562
0.3932645
0.5943908
0.4184505
0.3757366
0.5724233
0.43200734
0.39150643
0.65153253
0.6223438
0.5880319
0.5905648
0.45688877
0.42800003
0.6035726
0.46709925
0.43653727
0.7540809
0.7883908
0.5922999
0.65506923
0.53012776
0.5012077
0.5410334
0.38680887
0.35124865
0.48687094
0.38498613
0.34998596
0.75606763
0.7987446
0.7579359
0.51747453
0.38221458
0.3516071
0.510184
0.39420724
0.3501665
0.5137636
0.36776093
0.32929564
0.5274151
0.39712304
0.35686755
0.5308914
0.39517632
0.36231303
0.5227012
0.39186844
0.3571291
0.51554614
0.36667904
0.3212807
0.5253544
0.35933962
0.3099719
0.5305845
0.35817966
0.30877358
0.5353912
0.36529604
0.31592897
0.5342098
0.3639217
0.3160922
0.5405052
0.37625355
0.33703303
0.52765
0.36889395
0.33043286
0.54931647
0.39737833
0.3517408
0.5618519
0.43701518
0.370668
0.5337509
0.3897028
0.3318798
0.66413605
0.62394536
0.52397406
0.5572889
0.41731232
0.35765365
0.55737495
0.39074865
0.35028264
0.60652643
0.5341802
0.5217349
0.85460675
0.8652122
0.85887295
0.6721251
0.85653615
0.79159224
0.6636078
0.7019269
0.6996962
0.6059291
0.46015993
0.39528194
0.6112022
0.46903682
0.39934096
0.59454423
0.47569236
0.40684634
0.5638297
0.46146706
0.43303728
0.60572827
0.53206044
0.5044688
0.614692
0.53941995
0.5003091
0.5822108
0.4326587
0.4020272
0.5893873
0.41165954
0.37569177
0.59610176
0.41146946
0.3742746
0.5989017
0.4095999
0.36954665
0.5942999
0.40833813
0.36859718
0.5828694
0.39198616
0.35448787
0.57309943
0.38958117
0.3595562
0.5662257
0.40280357
0.36874297
0.577141
0.3939043
0.35179752
0.6323797
0.5092707
0.45837992
0.628625
0.4733545
0.43487322
0.6129538
0.4541319
0.41167367
0.5691222
0.42242157
0.38316035
0.5722238
0.43160605
0.39206496
0.6148798
0.53836346
0.49205208
0.8473943
0.7920563
0.61772853
0.5403661
0.44202843
0.38720894
0.84366494
0.81953394
0.7681394
0.7932811
0.72113925
0.6584508
0.51645637
0.3792226
0.3459997
0.52876353
0.3931212
0.3804706
0.5573209
0.53576636
0.47848693
0.5024007
0.35900548
0.3266016
0.50010645
0.35909316
0.31808174
0.5302888
0.40071127
0.36211076
0.5178016
0.3740657
0.34326494
0.50327665
0.37661272
0.33809036
0.5720072
0.43989405
0.3941688
0.5172051
0.35590708
0.30387232
0.52690923
0.3634234
0.30928475
0.52681565
0.36259785
0.31156817
0.52762455
0.35909846
0.31001422
0.5326323
0.36190894
0.31559822
0.51768225
0.35503763
0.31161377
0.552693
0.40425283
0.36288562
0.57192534
0.43591833
0.37517732
0.56032765
0.4090285
0.34760177
0.7586584
0.70001274
0.5892546
0.5909673
0.45333254
0.40618482
0.60098594
0.51569694
0.45840767
0.54549664
0.54067755
0.52727604
0.7625504
0.7591469
0.75830615
0.907378
0.97828287
0.9717487
0.3839821
0.4417739
0.4374146
0.5946713
0.4699366
0.4063642
0.615166
0.45502034
0.4093919
0.48855168
0.45000914
0.40443474
0.50073516
0.62598836
0.5965958
0.54924124
0.4470359
0.44193867
0.5625781
0.4525232
0.4240387
0.5746302
0.42065048
0.39369777
0.58770984
0.42786565
0.39513224
0.5903321
0.41613907
0.376349
0.5992197
0.42376637
0.37889245
0.5812893
0.40403432
0.3622455
0.5805153
0.39125073
0.35176322
0.57373726
0.38635677
0.3496338
0.5674851
0.37878466
0.34264937
0.5738958
0.39639485
0.3552264
0.5991421
0.4457717
0.40546697
0.61072546
0.44259092
0.4116648
0.57932115
0.41538048
0.374182
0.55663157
0.4176132
0.38158187
0.5568246
0.39474496
0.35704672
0.7270402
0.6466277
0.5636856
0.79790634
0.7417232
0.5732801
0.61512405
0.50940067
0.48091504
0.53657895
0.4118098
0.37479672
0.5356022
0.41226375
0.37303323
0.5109632
0.37383664
0.34259126
0.50234747
0.35298476
0.3220085
0.5022461
0.35460782
0.32231736
0.49736285
0.34694663
0.31342223
0.49555126
0.36071515
0.31848502
0.50057644
0.36544162
0.32743493
0.51379293
0.38034695
0.3461203
0.48906597
0.36084723
0.32152316
0.5096656
0.3754767
0.32899278
0.50919753
0.34860554
0.2966528
0.5124889
0.3475933
0.29365143
0.52232224
0.36266902
0.3088265
0.51713467
0.3518716
0.30081007
0.5259309
0.35797957
0.3093809
0.5081295
0.34434134
0.2953927
0.5109803
0.3490979
0.30558196
0.5455485
0.41446608
0.35994232
0.5860212
0.47286704
0.40475518
0.5194967
0.39430553
0.3381819
0.6740141
0.56899744
0.50302464
0.55138093
0.40314138
0.35085636
0.5336912
0.4379529
0.42793489
0.50476474
0.45884535
0.45243078
0.61426795
0.67173374
0.65870994
0.56646067
0.6812834
0.6412191
0.5995054
0.56905687
0.5266651
0.580382
0.46297893
0.4470702
0.6362121
0.6032971
0.5872626
0.53025717
0.5550027
0.5414381
0.5478483
0.42964157
0.40766782
0.5600273
0.43473184
0.40307403
0.57259834
0.4202218
0.38673037
0.57538867
0.40909654
0.37560174
0.57536376
0.4056625
0.3704351
0.58397967
0.40830135
0.36592805
0.5751673
0.39037263
0.34726992
0.5781641
0.4004601
0.36132836
0.5681239
0.37748408
0.33872902
0.5626593
0.36929953
0.33009464
0.5623121
0.38958192
0.34670514
0.57588744
0.41509387
0.37028515
0.60988986
0.45059016
0.4143315
0.5887657
0.4256328
0.38554046
0.5533433
0.38370094
0.3379439
0.5522879
0.3759437
0.3324394
0.56484395
0.5194516
0.45924136
0.53534025
0.44213474
0.40274513
0.6533524
0.60157406
0.5609903
0.59113806
0.49426806
0.45979935
0.63305706
0.52908045
0.48800242
0.5274746
0.39330557
0.37632737
0.49335915
0.35655567
0.323481
0.49239862
0.37065044
0.3298139
0.48354536
0.33756217
0.30154648
0.49446335
0.3976794
0.35097274
0.5233106
0.3965744
0.36113527
0.497519
0.37014404
0.33078885
0.50662416
0.38311142
0.338469
0.4872062
0.3509938
0.29808447
0.5029695
0.34229922
0.28971863
0.50704235
0.34907985
0.2923567
0.5109848
0.3578018
0.3015638
0.5132137
0.35694206
0.30347237
0.52191275
0.36133057
0.3107974
0.506891
0.34822685
0.2967998
0.50715977
0.35522273
0.30716038
0.5118409
0.3539091
0.30633578
0.6739119
0.5683039
0.50649506
0.5093162
0.3648838
0.3130861
0.50570714
0.35303628
0.3070936
0.60296625
0.48749363
0.41839182
0.70814633
0.76532245
0.75029355
0.668217
0.6187803
0.626079
0.5707013
0.5720991
0.5646625
0.49530578
0.4601292
0.44296208
0.6595642
0.60854006
0.5854146
0.35590613
0.57965577
0.52176625
0.5188978
0.43088982
0.39579684
0.5262761
0.5564363
0.5336867
0.5536757
0.46749306
0.44183382
0.55131984
0.436267
0.41007194
0.5775129
0.43957385
0.4057057
0.561948
0.42204636
0.3830598
0.57751924
0.423019
0.3896992
0.57818747
0.40286306
0.36177897
0.58388853
0.4097002
0.3645449
0.56772363
0.3945358
0.3546008
0.5605052
0.37816244
0.33856186
0.5560012
0.36460558
0.32444873
0.5704132
0.41863173
0.37373427
0.57022464
0.41317302
0.36703956
0.63085973
0.47952035
0.4429265
0.5796783
0.43283895
0.3884461
0.56314486
0.40453088
0.35703498
0.55514115
0.38465232
0.3395976
0.6951643
0.6161057
0.5646616
0.66599995
0.6048699
0.56961
0.5315123
0.42680293
0.39284357
0.53209496
0.40979347
0.3797745
0.53564775
0.42753348
0.39389682
0.50472355
0.3884296
0.36808652
0.49480683
0.37994626
0.34770906
0.47613165
0.32776228
0.29315224
0.48257855
0.33737737
0.30254617
0.4761421
0.36019945
0.32833868
0.5063143
0.37023684
0.33927235
0.49226475
0.36351708
0.32372698
0.6166371
0.50253886
0.42511016
0.5916316
0.5312766
0.40036166
0.49723813
0.33380994
0.28179365
0.5037339
0.3506563
0.29263365
0.50787735
0.35901257
0.30179062
0.5131796
0.3616406
0.30778784
0.5095687
0.35561675
0.30263385
0.5030312
0.34438208
0.2940908
0.5055642
0.35954034
0.3086383
0.51031846
0.34990332
0.30271515
0.5030583
0.34009737
0.2914285
0.5010657
0.34861532
0.30352393
0.549319
0.41855723
0.372229
0.57762
0.47750673
0.41393578
0.5552979
0.61424464
0.61004394
0.80398315
0.9006834
0.89386094
0.5014169
0.46674833
0.45235217
0.5642021
0.5486743
0.5359409
0.69635147
0.75353515
0.774789
0.40859228
0.47769117
0.4577891
0.66665715
0.65899867
0.6312721
0.5765658
0.48218584
0.49281025
0.5272386
0.42477384
0.4013699
0.51095647
0.54909647
0.49098524
0.5298281
0.43270847
0.36590946
0.5671585
0.416393
0.3793977
0.5625383
0.40412253
0.37395427
0.5722444
0.40673122
0.36484987
0.5615122
0.39999732
0.3552034
0.55539346
0.3805397
0.33942965
0.5533517
0.37439087
0.33373374
0.5547399
0.37808692
0.33651417
0.5578225
0.39453042
0.35802016
0.5532366
0.3940032
0.34929064
0.5568559
0.42007068
0.38044888
0.58822596
0.45408547
0.40395093
0.5539226
0.40424904
0.35645273
0.54359674
0.3876697
0.34033072
0.5299693
0.37353
0.32890335
0.54341817
0.42411104
0.39471614
0.5108351
0.43758366
0.38288543
0.5138197
0.37770495
0.3423207
0.50313795
0.38934818
0.36824143
0.47865912
0.34786642
0.30839714
0.4802386
0.34517664
0.3073258
0.474248
0.3250517
0.28937748
0.48655352
0.3463868
0.31484014
0.5237219
0.38873968
0.3714675
0.4785711
0.34509805
0.3136157
0.47565603
0.33884946
0.30327398
0.47388476
0.3446228
0.2964875
0.48410183
0.36093873
0.31542152
0.49188206
0.33453256
0.28206658
0.4962368
0.35418603
0.29371756
0.49382466
0.34462985
0.28912845
0.5045131
0.3571351
0.304075
0.49736506
0.35440758
0.30024135
0.49402657
0.34110647
0.29332954
0.4960416
0.33792353
0.29156438
0.4981577
0.3400636
0.2907933
0.49282327
0.32975328
0.2797959
0.48779878
0.3374513
0.28801912
0.4899449
0.33215883
0.2838956
0.5494938
0.41800645
0.36931774
0.54259807
0.489662
0.49449417
0.7618554
0.80178005
0.8007108
0.49641764
0.5128554
0.52962387
0.4449389
0.4517811
0.4739413
0.5020078
0.49768993
0.5042155
0.5541568
0.58245116
0.56410146
0.5707982
0.59647995
0.57710195
0.523828
0.4211642
0.40708834
0.54942167
0.43963596
0.4256819
0.52558815
0.43234918
0.40587988
0.5187256
0.45959693
0.40311685
0.5529979
0.39925197
0.36054096
0.5526861
0.39274174
0.3537909
0.5616448
0.40706098
0.3670952
0.55270994
0.39096722
0.348974
0.5438893
0.38727775
0.3441023
0.5398741
0.38514262
0.34113774
0.54800916
0.3879005
0.34537882
0.54750735
0.3821642
0.34431198
0.55140024
0.3971558
0.3549928
0.5429014
0.3977884
0.3583575
0.6003286
0.45043576
0.40807757
0.56092435
0.43346623
0.3822171
0.5427785
0.38777125
0.34411812
0.5183487
0.35653302
0.313081
0.5162327
0.3511742
0.3068645
0.50039387
0.39164925
0.33865556
0.52892005
0.42391518
0.3855883
0.47837672
0.3478338
0.32261088
0.47179705
0.32865825
0.29336572
0.47715476
0.34146905
0.30907813
0.46581036
0.3345945
0.30298847
0.47029495
0.3533621
0.3164065
0.5112729
0.39705202
0.37741914
0.459599
0.32398582
0.28855276
0.48554334
0.35021728
0.32020563
0.45168266
0.325585
0.28016716
0.46498337
0.3428083
0.29748204
0.4850164
0.33018276
0.27769032
0.48558113
0.33728057
0.28009963
0.49152726
0.34242553
0.28960484
0.5112147
0.37592888
0.31960094
0.4870592
0.34412554
0.29357612
0.49505106
0.34584272
0.30042374
0.490788
0.3356438
0.29093856
0.49126515
0.33489832
0.28392154
0.48407352
0.3234038
0.2735224
0.48115167
0.32299724
0.27227268
0.48370072
0.32102248
0.2725909
0.48526818
0.3265018
0.27638865
0.3866044
0.47011614
0.4673065
0.47568494
0.5211834
0.5051241
0.50608206
0.532157
0.54915076
0.4182964
0.47605056
0.50296515
0.49348715
0.45794186
0.4603413
0.6553038
0.6433275
0.652343
0.5396501
0.5119118
0.50987995
0.527029
0.44283387
0.4250816
0.52709764
0.42305556
0.41446078
0.5294899
0.4413704
0.41449434
0.54717267
0.44406992
0.40893203
0.55352134
0.4091178
0.3677675
0.5515518
0.3947757
0.34953675
0.55304796
0.40388542
0.36050528
0.53608805
0.4011591
0.34924284
0.54111904
0.39151326
0.34590983
0.5304027
0.38809994
0.34367758
0.5372768
0.38948804
0.34495515
0.5488048
0.39064077
0.35358208
0.5564021
0.40591803
0.36457986
0.5397401
0.38743478
0.34457874
0.6418671
0.52336466
0.47337294
0.66341543
0.5456052
0.49393097
0.54812145
0.43144053
0.38667452
0.5137613
0.3682817
0.32325575
0.51033497
0.3483851
0.30245638
0.52248484
0.37107614
0.3257618
0.4955306
0.3481182
0.30485618
0.475333
0.32494798
0.287328
0.47005397
0.34191418
0.3028382
0.508539
0.4208134
0.38640285
0.4359591
0.32580686
0.29823193
0.45605466
0.33059657
0.30037576
0.47587216
0.3551866
0.3267022
0.4666414
0.3627734
0.32184163
0.4786275
0.3566578
0.32029033
0.44062394
0.30881682
0.26245475
0.45090508
0.31339774
0.26506907
0.4746333
0.32526717
0.2701537
0.4820579
0.34310025
0.28553045
0.48484272
0.3508305
0.2920967
0.489568
0.347675
0.29418623
0.4795953
0.35194907
0.29721788
0.48291
0.33069894
0.28398314
0.48029122
0.3299329
0.28159517
0.48972628
0.33923417
0.28710014
0.4756412
0.31446654
0.26378807
0.47774112
0.32525837
0.27293304
0.47566122
0.31420052
0.2645065
0.4769686
0.31899595
0.26567778
0.63444656
0.78029394
0.7610222
0.710692
0.6562798
0.6713465
0.72550786
0.736346
0.7062038
0.51753867
0.5907078
0.63579357
0.4754247
0.41669345
0.43239534
0.4814453
0.4001962
0.40826902
0.6506095
0.61667186
0.6244015
0.50512564
0.41622576
0.40661198
0.5250646
0.4259336
0.40217653
0.51609325
0.42425907
0.3951716
0.53119093
0.40145612
0.36535317
0.53841877
0.42881417
0.38353264
0.56123793
0.43223807
0.39475757
0.5487141
0.4093827
0.3640176
0.55292743
0.39704826
0.35573065
0.53279495
0.39328867
0.35182315
0.5273881
0.390561
0.34712848
0.5164588
0.4176301
0.36508536
0.5374265
0.38685632
0.35344747
0.5493195
0.39434388
0.35801247
0.5406362
0.38897067
0.346195
0.6345412
0.5054556
0.4673599
0.57223976
0.44116005
0.40116832
0.6551721
0.60730886
0.5718465
0.5179434
0.3727546
0.33111155
0.50785553
0.35596317
0.30987185
0.49585718
0.34577453
0.2993429
0.49010664
0.34001333
0.2935987
0.46341768
0.32604915
0.28750977
0.46226248
0.33010954
0.29322052
0.44669133
0.32092342
0.2812404
0.43919778
0.33817983
0.3084487
0.49342287
0.3676724
0.34566292
0.45703402
0.32358876
0.29773524
0.4445725
0.3277786
0.29221368
0.4585101
0.34482422
0.30505475
0.44250655
0.30976242
0.26300225
0.45038
0.31139448
0.25560752
0.46877906
0.32267097
0.26660728
0.47210205
0.32904398
0.27256307
0.48256266
0.3495341
0.29125097
0.48591533
0.34744653
0.29200104
0.47109315
0.33302352
0.2809327
0.4783483
0.3414229
0.28838986
0.48505983
0.3529293
0.29533696
0.48017687
0.32857326
0.27530012
0.47184423
0.31187516
0.2616415
0.4700432
0.31427443
0.26322588
0.469596
0.309981
0.2597343
0.47077665
0.31331456
0.25890756
0.56774706
0.656359
0.65602016
0.5050286
0.6127128
0.6323754
0.7923983
0.83875
0.8351694
0.49243364
0.46823126
0.48523128
0.53305054
0.49522895
0.5071622
0.5591568
0.52073956
0.52669966
0.49736452
0.42968416
0.43254745
0.54295075
0.50081384
0.49140498
0.52794665
0.47725886
0.46026176
0.55041033
0.4700578
0.43711352
0.5309177
0.4108548
0.37572587
0.5446621
0.4235964
0.3865405
0.5339483
0.3850496
0.35084254
0.57247317
0.44167313
0.39101642
0.52808434
0.38207087
0.33864602
0.5209336
0.3724145
0.33367175
0.5118557
0.38148218
0.33737788
0.513766
0.3993844
0.3483218
0.5212934
0.36556774
0.32600838
0.5726306
0.41135716
0.37722296
0.6189405
0.49943814
0.45289838
0.5218921
0.38945654
0.3393782
0.6121406
0.51872295
0.47099632
0.50373906
0.36408767
0.34362003
0.52613264
0.3939828
0.3488424
0.49632
0.38287175
0.33319762
0.48783726
0.3629826
0.3095126
0.48826078
0.3828444
0.3392694
0.46130398
0.33628285
0.29888672
0.45761123
0.3327287
0.29468265
0.4583343
0.33843273
0.30088434
0.44921428
0.33295214
0.2980948
0.44548213
0.3505873
0.32456434
0.43508738
0.30773214
0.27671263
0.43283048
0.3218822
0.28673905
0.4308364
0.3073501
0.26915655
0.43705273
0.30567494
0.25505304
0.44409084
0.30014825
0.24738531
0.4616988
0.31684425
0.2612319
0.46130177
0.31970543
0.26381776
0.464222
0.32807744
0.27014408
0.4665249
0.33371025
0.27703974
0.49748293
0.3670445
0.30982298
0.48318017
0.3440696
0.2900389
0.47190246
0.32670707
0.27264264
0.47008353
0.31718028
0.26278716
0.4654744
0.3121582
0.2577456
0.465946
0.3101162
0.25830308
0.46476135
0.30981645
0.25750116
0.4685068
0.31729183
0.2603919
0.43370345
0.57434106
0.5587031
0.63365626
0.6518603
0.65948987
0.96882963
0.9678119
0.9690178
0.48134455
0.44290417
0.43965
0.66739297
0.66567177
0.67440444
0.6092743
0.65728694
0.66536105
0.5557108
0.52455956
0.5332129
0.48475358
0.43049607
0.42226577
0.4920758
0.4118887
0.39477533
0.50173473
0.42303023
0.39293587
0.51032054
0.43486884
0.39391088
0.52306306
0.39764094
0.35982373
0.52991444
0.42529684
0.38236746
0.61910546
0.5283243
0.4742831
0.7186499
0.6574543
0.5828798
0.522333
0.40114403
0.3767299
0.50936925
0.38140565
0.34171438
0.53545654
0.4103285
0.36046112
0.51722884
0.38756967
0.33842114
0.51955885
0.37231052
0.33040062
0.5952904
0.5389533
0.477908
0.5552753
0.4356304
0.40431637
0.49946442
0.37312403
0.3310322
0.49724972
0.36124757
0.31955934
0.5570784
0.53105235
0.46576235
0.4928147
0.3807155
0.335358
0.48111498
0.37574178
0.3210394
0.51598334
0.4034701
0.3769248
0.4573555
0.34194925
0.31166905
0.45824093
0.32872453
0.3020503
0.45126075
0.32623202
0.28942612
0.36718458
0.25131887
0.22676887
0.46106815
0.38876018
0.3558007
0.42864475
0.31627548
0.28554347
0.42696977
0.30843663
0.26975572
0.42527115
0.3024436
0.25952712
0.43237126
0.30604327
0.2504224
0.4476234
0.3138977
0.25601184
0.46149787
0.32493198
0.26765138
0.45884794
0.32169846
0.26410565
0.46076143
0.33201817
0.27274978
0.47173986
0.34953946
0.2895331
0.46959913
0.34401703
0.2865065
0.46422568
0.32175913
0.26625165
0.46527025
0.31691828
0.2594111
0.46812803
0.31906682
0.26216942
0.46592337
0.32089087
0.26322055
0.4616711
0.31206337
0.2577494
0.4606409
0.30737093
0.25417173
0.4643426
0.31575814
0.25910008
0.9607199
0.97287583
0.9733634
0.5477118
0.54145616
0.5537083
0.45375088
0.45444813
0.465996
0.8018233
0.8787025
0.8598216
0.59098816
0.50325435
0.52851975
0.530081
0.60907024
0.6096248
0.4798398
0.45435858
0.45097515
0.47932696
0.3835408
0.35647535
0.510957
0.44378257
0.43572244
0.50165826
0.39955714
0.3732108
0.49091667
0.4553328
0.41112462
0.5145314
0.39461777
0.35689366
0.5522624
0.4530949
0.41210094
0.53006834
0.39526758
0.3509071
0.51917493
0.37806436
0.33390036
0.5081142
0.3670634
0.32987264
0.5056173
0.3818388
0.34345245
0.52013206
0.41936868
0.36423498
0.5154179
0.3788878
0.33145255
0.51990217
0.38293374
0.33624873
0.5105936
0.3727198
0.3248175
0.44311228
0.3649264
0.32028863
0.5027785
0.35908964
0.3057071
0.48863247
0.3495265
0.30099005
0.48997834
0.36019906
0.31987035
0.5129534
0.41439515
0.37430507
0.47602996
0.3838374
0.33350283
0.5246461
0.4190707
0.39108703
0.49750724
0.4045147
0.3763857
0.48281157
0.39721128
0.37183693
0.44051337
0.316127
0.28330082
0.32546198
0.20076232
0.2770394
0.41634896
0.29906234
0.26300722
0.41679537
0.29532278
0.26102075
0.42369467
0.29610825
0.25663102
0.42203784
0.29897967
0.25258523
0.440061
0.31535652
0.25850615
0.44750473
0.32111764
0.26016703
0.47786742
0.36035722
0.2920209
0.53048444
0.5536215
0.3600198
0.45818847
0.33897978
0.2804498
0.49740115
0.42031398
0.34726197
0.4572502
0.32787147
0.27350605
0.4652522
0.33818296
0.27822718
0.47042465
0.33042595
0.26883408
0.46526325
0.32818723
0.2712784
0.46466923
0.3253201
0.26705617
0.4647835
0.33198187
0.27411196
0.4566277
0.3119433
0.2545314
0.45543212
0.30528674
0.24980478
0.4330353
0.41735917
0.41218054
0.5115407
0.44386452
0.45590883
0.46972635
0.5542433
0.5633655
0.66313535
0.6127822
0.57844716
0.51387835
0.55129915
0.5939024
0.46674895
0.4045293
0.3883544
0.4734491
0.45043802
0.41992697
0.48677644
0.47056574
0.46189177
0.48781943
0.41099694
0.39122096
0.496946
0.4080797
0.37352917
0.5104127
0.38022006
0.33946654
0.5215454
0.43811092
0.39690587
0.5380454
0.43243968
0.3929064
0.52408487
0.39886475
0.35455248
0.50946397
0.37881935
0.32279003
0.51152664
0.38681906
0.3590613
0.51347446
0.39712894
0.3565888
0.49940428
0.3613314
0.3143885
0.508108
0.3813855
0.33249682
0.49945453
0.35780486
0.31146938
0.51467526
0.42321166
0.37032256
0.5847578
0.61855876
0.5446629
0.49632484
0.37536713
0.31195953
0.48896348
0.3543633
0.29848388
0.4796156
0.34798044
0.30336934
0.48460945
0.4029225
0.3655815
0.47569427
0.36903057
0.32579303
0.5057655
0.37942767
0.3501819
0.441416
0.3111572
0.27481985
0.454578
0.34316513
0.30968964
0.4072316
0.31817833
0.29227597
0.28343648
0.20588225
0.24581948
0.40670744
0.2921468
0.25370887
0.420319
0.3011469
0.26384982
0.42418167
0.30436414
0.2626958
0.41595387
0.2931496
0.24436493
0.42711937
0.30590916
0.24627268
0.4395272
0.3112712
0.24986412
0.54240996
0.432518
0.35833758
0.4757651
0.37604585
0.29871157
0.4562223
0.3348202
0.2777578
0.46532658
0.35259405
0.2958238
0.4720158
0.36598393
0.30145293
0.4699676
0.37613055
0.3080768
0.47023132
0.34529495
0.2835998
0.45699102
0.32871208
0.27008867
0.4484839
0.31507933
0.2566718
0.46625254
0.3404534
0.2806708
0.45820507
0.3185632
0.26064914
0.45614117
0.3126842
0.25165483
0.4312912
0.42346385
0.40871885
0.845636
0.9628538
0.9429899
0.91695917
0.95967233
0.95968044
0.5669199
0.45710897
0.40084958
0.44876853
0.44056052
0.46186408
0.4703552
0.49707407
0.48493847
0.4519619
0.4133329
0.3853197
0.47128657
0.4735459
0.46763134
0.6117767
0.59826434
0.5796751
0.4756543
0.40442875
0.37186405
0.6186531
0.59104085
0.53955674
0.5974267
0.54948187
0.5055676
0.5179367
0.46535042
0.41203275
0.50931525
0.4109632
0.3648192
0.6238859
0.54832554
0.47770292
0.4948405
0.39175874
0.36627787
0.49072883
0.38620093
0.35247555
0.49955568
0.35274848
0.30787426
0.49418813
0.3564193
0.3105256
0.5377702
0.3997199
0.3539318
0.57167995
0.49337643
0.44427896
0.48494405
0.39787322
0.3461602
0.90940726
0.9760773
0.88500273
0.4716257
0.38787097
0.33183298
0.46174288
0.3660943
0.31359956
0.5289343
0.5408877
0.49328375
0.5374324
0.4967567
0.44300228
0.48732534
0.34991097
0.31251374
0.45398638
0.3215416
0.28951678
0.44078788
0.31920692
0.2792262
0.9803374
0.9177197
0.97302014
0.2832255
0.21243775
0.24743076
0.43993866
0.33055896
0.2975255
0.45026842
0.34210572
0.30808115
0.4684465
0.3865135
0.3382679
0.43394598
0.3276374
0.2785744
0.45501906
0.34843454
0.28321978
0.45051843
0.336008
0.26708066
0.461855
0.35380018
0.28186882
0.47641376
0.3873927
0.31150818
0.5012273
0.3871541
0.33072552
0.44105604
0.32366964
0.27049214
0.4432336
0.3218168
0.2611538
0.44657677
0.3303196
0.26799157
0.46991566
0.34664384
0.28432277
0.47718254
0.3661415
0.3020155
0.4560877
0.33429378
0.27422693
0.5107965
0.38802084
0.3264424
0.5073861
0.38489285
0.3249183
0.46667212
0.32948896
0.26542562
0.41970146
0.34431154
0.32430574
0.39410436
0.3425541
0.33462858
0.42108998
0.3750418
0.36233672
0.6315852
0.53348804
0.48482898
0.42380288
0.37835854
0.36484227
0.5225472
0.47361
0.47130263
0.46310806
0.4301875
0.41836926
0.4586077
0.4067316
0.38341454
0.5289731
0.5474062
0.5371113
0.4676125
0.436654
0.4098677
0.5453805
0.5029727
0.47249204
0.56186795
0.51247364
0.4784889
0.49889266
0.3837723
0.34282637
0.5154257
0.43145004
0.379855
0.5432537
0.46051225
0.4117352
0.4816785
0.48565665
0.4347141
0.49035996
0.3689662
0.32921118
0.48900792
0.36568096
0.32088313
0.4899651
0.35651568
0.31300005
0.5024548
0.37014675
0.3246395
0.50891995
0.38602144
0.35190487
0.7860408
0.7657917
0.70258015
0.5089862
0.44164366
0.37749064
0.47911748
0.4442676
0.37379563
0.5290269
0.5421933
0.47599217
0.724438
0.78242445
0.71450067
0.5346548
0.5432602
0.49006957
0.5060174
0.46209064
0.39341778
0.50277734
0.38407436
0.352461
0.44039133
0.32251838
0.285857
0.4516849
0.3168653
0.30896047
0.33273637
0.25746047
0.28796718
0.41999725
0.32586658
0.2931975
0.45269725
0.3702373
0.33126333
0.44127706
0.33252823
0.29661807
0.42536178
0.32335868
0.274366
0.42686898
0.32539365
0.25639275
0.4764761
0.3796179
0.29259107
0.43327048
0.31882212
0.2513595
0.4680854
0.3651284
0.29130527
0.44478732
0.32626516
0.27231637
0.43465835
0.31322387
0.25860837
0.45053142
0.32483208
0.26707006
0.43899602
0.30947244
0.25077084
0.4523572
0.34147593
0.27297872
0.453008
0.337616
0.2768651
0.43785936
0.31495005
0.2541753
0.44585612
0.3295985
0.26519838
0.5475887
0.506874
0.42508116
0.49370244
0.36510387
0.2965921
0.60853887
0.7397146
0.7067404
0.36432248
0.38069344
0.33083645
0.40180486
0.34958935
0.32594723
0.6325271
0.6968933
0.6876816
0.42539108
0.45774186
0.44479617
0.4359687
0.37277457
0.35892954
0.53569067
0.5034241
0.494892
0.54224944
0.540559
0.5353388
0.48141643
0.4516856
0.44444022
0.5464021
0.5470575
0.5233048
0.50571966
0.45299807
0.41186896
0.47616732
0.4471971
0.406159
0.4869139
0.36681378
0.32286316
0.6262681
0.6078789
0.56138945
0.5079381
0.4646005
0.4069828
0.51184464
0.43998733
0.39874187
0.48495436
0.39677876
0.3749807
0.48349816
0.3540771
0.30635497
0.48123962
0.36866885
0.3181442
0.47865856
0.35860556
0.30837083
0.45931074
0.36932096
0.32162052
0.81899107
0.79995984
0.7300861
0.57519776
0.43670475
0.4082735
0.4895217
0.44438872
0.4016516
0.6179824
0.5798615
0.5213882
0.4948666
0.44906607
0.41019493
0.5611405
0.56307757
0.52466494
0.52974695
0.45705163
0.41462874
0.44530052
0.35599414
0.31961995
0.5732923
0.5402226
0.50100356
0.5896156
0.54282695
0.47945303
0.3923213
0.3237995
0.3424044
0.41135928
0.32282847
0.2741488
0.42625132
0.32650366
0.28182098
0.42895183
0.35393664
0.30006772
0.49535418
0.46421343
0.38407513
0.4964232
0.4524694
0.3577738
0.47045872
0.44050416
0.2828342
0.44139788
0.33754197
0.26083285
0.43313083
0.32578453
0.2594186
0.4571067
0.34575564
0.28803393
0.44030297
0.3266628
0.2665986
0.43623927
0.31286097
0.2534443
0.43834373
0.31477675
0.2533847
0.478069
0.37245294
0.3023105
0.43217567
0.30608717
0.2441495
0.42930007
0.30215988
0.24138181
0.4310104
0.30251625
0.24184456
0.43275574
0.3065318
0.2427686
0.48036262
0.328661
0.26570544
0.5072955
0.5879744
0.58796674
0.5814121
0.6675125
0.65274054
0.43769953
0.44629747
0.45186874
0.59013695
0.6917831
0.68119556
0.44809818
0.5164068
0.48704582
0.42714188
0.37504086
0.35251778
0.4356556
0.39505282
0.39324674
0.46301207
0.40863267
0.38856483
0.69316965
0.7289109
0.684392
0.5133409
0.5388387
0.50274783
0.49895838
0.45848826
0.409094
0.48716784
0.4043759
0.35931796
0.48504353
0.36424103
0.31627232
0.495988
0.38587812
0.3371352
0.5772601
0.51094604
0.47234574
0.5267456
0.48179752
0.43707526
0.47842064
0.3517375
0.3032863
0.49084577
0.37231174
0.32113627
0.4892043
0.38241166
0.33637744
0.47490737
0.44117033
0.3730195
0.4719662
0.35266232
0.30533773
0.4525058
0.38853067
0.3330805
0.49359438
0.4421145
0.38490486
0.5980323
0.56924415
0.51945466
0.53547525
0.48675093
0.43999478
0.47502813
0.41257745
0.35473508
0.8187534
0.8782535
0.82634366
0.77521825
0.8118026
0.7585671
0.42346102
0.41604945
0.37332717
0.72773486
0.6449722
0.75558746
0.53784263
0.45118043
0.4578384
0.47698975
0.40351808
0.418838
0.53553575
0.49901626
0.42477268
0.5343921
0.45966944
0.39700994
0.46160462
0.36972776
0.28616157
0.40355757
0.3384719
0.26797572
0.46553463
0.38881186
0.31555775
0.56955594
0.76373047
0.39085105
0.4582321
0.36921388
0.2910324
0.41961518
0.3155915
0.2520196
0.42316684
0.30826348
0.24823087
0.42329815
0.29958802
0.23871633
0.4442523
0.32338637
0.26379558
0.44689947
0.34127703
0.2747826
0.42685696
0.34667215
0.26736575
0.43791306
0.3381175
0.26631847
0.42793706
0.31185862
0.24610995
0.42542756
0.2961246
0.23494473
0.42816946
0.2970967
0.23558998
0.48007205
0.3284088
0.26458234
0.35666355
0.42876998
0.4178447
0.33417824
0.3405474
0.32815337
0.38858417
0.37824038
0.37514704
0.42972836
0.50441444
0.52229935
0.5994157
0.6732224
0.6526557
0.50481045
0.5994559
0.5679997
0.43732548
0.41908675
0.41918015
0.51637965
0.5224341
0.49678913
0.71902907
0.81282264
0.7797174
0.6587431
0.8014293
0.7302161
0.7046862
0.7277039
0.6786824
0.49428815
0.4059844
0.3639779
0.48178685
0.3770636
0.3355744
0.50025326
0.44949257
0.406078
0.5273368
0.46155185
0.42446122
0.47299585
0.4072418
0.3572163
0.4778424
0.39205307
0.34590197
0.47803465
0.36937964
0.31899557
0.46740004
0.36502263
0.31334525
0.46576673
0.35159
0.29731274
0.46555844
0.36481225
0.31825686
0.82587606
0.92169535
0.7744445
0.42526633
0.38113144
0.32726818
0.86080706
0.97468877
0.9234732
0.46588787
0.39207074
0.32918248
0.8179963
0.8591946
0.81613743
0.7320366
0.76687175
0.7275748
0.6041053
0.6463923
0.583344
0.43075705
0.39262384
0.39710772
0.60188806
0.55064136
0.511358
0.543864
0.46049744
0.45919752
0.39557385
0.31863007
0.31802478
0.39346454
0.33980596
0.30318293
0.6593634
0.626591
0.53638154
0.69476664
0.6446528
0.5642889
0.4256298
0.3526627
0.28907114
0.43813762
0.35864216
0.28459218
0.6020744
0.78492206
0.46686548
0.35073155
0.33305845
0.20899773
0.45250377
0.3825885
0.30448744
0.42644247
0.31594214
0.2556597
0.4220367
0.3041999
0.24302685
0.42741477
0.30482203
0.24373452
0.42535514
0.30092514
0.24012657
0.42995366
0.32008582
0.24927106
0.430179
0.31533238
0.24798107
0.4212515
0.29853812
0.23579286
0.4219708
0.29512748
0.23277597
0.2929537
0.20179218
0.13485844
0.45912668
0.31212962
0.24561363
0.3597603
0.32130152
0.3246661
0.46512115
0.59058607
0.58381563
0.37278482
0.36531854
0.35829076
0.402486
0.3924016
0.38793793
0.45192695
0.39920262
0.40261045
0.66808987
0.84785026
0.8167659
0.48771042
0.6624886
0.6671431
0.6372975
0.7623671
0.7247754
0.49261868
0.4870062
0.44503495
0.51810765
0.49766684
0.45879647
0.9711699
0.96990025
0.91745245
0.9671096
0.9637056
0.8874007
0.52493876
0.5236008
0.46359286
0.5808436
0.620027
0.5649956
0.45326704
0.40362838
0.35433108
0.46954608
0.43820462
0.37344512
0.4978269
0.4193665
0.362211
0.46532804
0.3908471
0.33040345
0.47029984
0.38718516
0.33097732
0.44652843
0.36230683
0.30431914
0.4795471
0.42259356
0.40725088
0.5821875
0.55600405
0.49525046
0.41411692
0.37762475
0.30582565
0.47979444
0.43475562
0.39588025
0.4771613
0.46406597
0.41449594
0.7401908
0.76205975
0.7237807
0.38373783
0.30348453
0.27439258
0.6016063
0.53315645
0.63298386
0.52147806
0.46924344
0.4844738
0.33259398
0.26976857
0.2897696
0.41921112
0.28412557
0.28866336
0.38149893
0.30032134
0.28213808
0.38742983
0.31041357
0.2650585
0.5109814
0.4461761
0.39455023
0.64960265
0.6440924
0.56318736
0.7612601
0.7483784
0.6670475
0.6374159
0.8102937
0.5570346
0.43776113
0.38095492
0.30406573
0.42123038
0.40478465
0.28956988
0.4373971
0.42610377
0.31959546
0.43471268
0.3353571
0.2752693
0.4287905
0.32233423
0.2583854
0.4323579
0.31322068
0.24942379
0.46007815
0.35376558
0.2806924
0.48614636
0.38197517
0.30612397
0.4267041
0.30648834
0.24068761
0.42022112
0.29492137
0.23178786
0.42520607
0.29522803
0.2325439
0.43802875
0.2949115
0.37109506
0.4417487
0.3045915
0.2363811
0.3580675
0.40809485
0.4070332
0.40188402
0.41790393
0.41569564
0.35266685
0.32579607
0.31759772
0.47052652
0.5160597
0.53675824
0.9420715
0.94494605
0.9419903
0.6736617
0.7747116
0.7634682
0.407923
0.48935914
0.49726787
0.9428744
0.9652228
0.95971566
0.51678205
0.5875992
0.5585747
0.8094118
0.9062851
0.8651678
0.6470414
0.4339415
0.42566845
0.9695136
0.9662988
0.93157715
0.52683574
0.5919486
0.5135756
0.5062468
0.49886483
0.43216205
0.6080402
0.76410466
0.6613639
0.4627704
0.38106334
0.31733164
0.46743506
0.35119617
0.29809457
0.47996157
0.38338152
0.32954782
0.49157143
0.47818133
0.3688484
0.45948806
0.4142483
0.3486479
0.4332087
0.418597
0.37867862
0.4683623
0.50143504
0.43062848
0.4523761
0.5296635
0.45478946
0.54099506
0.5319243
0.507579
0.42291546
0.37631246
0.35069683
0.3892428
0.34022206
0.3116361
0.3728682
0.28981328
0.2548355
0.4072583
0.35310045
0.3293837
0.34343156
0.29092625
0.2975423
0.25553957
0.17960444
0.21584615
0.42723024
0.33474976
0.29137027
0.47192216
0.43320572
0.40234676
0.40079293
0.35694355
0.3086877
0.5549046
0.5437473
0.4746383
0.5877532
0.5501086
0.46526995
0.41057307
0.38127208
0.31977388
0.646757
0.6977228
0.5951714
0.4276858
0.3642448
0.29799867
0.482708
0.42360696
0.3495656
0.43853638
0.45208973
0.31444925
0.47047946
0.43081534
0.339673
0.43657255
0.34589833
0.27964252
0.4408305
0.3398701
0.27461258
0.41957784
0.3217625
0.25104758
0.42149124
0.30372718
0.23207033
0.4211814
0.29990113
0.23281075
0.4196843
0.29700702
0.23155876
0.77869797
0.7268365
0.70437497
0.4159216
0.31199986
0.23714247
0.43281204
0.30367014
0.23358347
0.44082344
0.44012326
0.4428816
0.37785912
0.36524135
0.34616843
0.35892686
0.33650753
0.31717813
0.7759778
0.90074587
0.87266505
0.5189104
0.64230406
0.5967128
0.5711292
0.61125547
0.5521472
0.79482925
0.9360468
0.9039588
0.806046
0.91154337
0.89996225
0.6187081
0.74541
0.70622236
0.7462833
0.9183983
0.8610424
0.74522316
0.7117082
0.6392554
0.53717864
0.4644337
0.4156156
0.5245604
0.6007206
0.5086401
0.58261186
0.8770193
0.6438875
0.48589316
0.38381004
0.3209126
0.4713205
0.5089256
0.4217242
0.46213654
0.3914766
0.33582637
0.47016156
0.35703164
0.30971465
0.5169145
0.4218094
0.36095366
0.45872763
0.46347132
0.4015496
0.6133258
0.6534283
0.6088258
0.6288202
0.6996255
0.65029
0.45087206
0.40342364
0.36132428
0.3924278
0.29914784
0.25194466
0.38045293
0.29299474
0.25549933
0.35420558
0.2729366
0.23751445
0.34858453
0.26790935
0.23222256
0.33035678
0.25356367
0.2240809
0.3583354
0.26972353
0.22937736
0.22807553
0.15266627
0.18969586
0.40924165
0.3716669
0.31906775
0.38756514
0.30581194
0.28320938
0.40262973
0.30528215
0.2648694
0.6572538
0.6388488
0.5841871
0.44150725
0.36334604
0.31132263
0.44192192
0.45663404
0.38765508
0.4508642
0.41182652
0.35326114
0.6550758
0.689395
0.58154297
0.41380712
0.36927983
0.30945304
0.3993449
0.34406912
0.27606302
0.4689884
0.43551567
0.3316942
0.46288833
0.42152533
0.35324517
0.44648564
0.36758357
0.28353727
0.42484406
0.3324414
0.25594503
0.4204378
0.31258246
0.23997724
0.42589113
0.3072821
0.237961
0.41798803
0.30467522
0.22887689
0.42266616
0.28315696
0.29634702
0.40621722
0.3193974
0.29699087
0.43386272
0.3178822
0.23634617
0.5020707
0.61519164
0.5786322
0.38921493
0.539699
0.48541883
0.38424918
0.4127845
0.397303
0.41404527
0.46688536
0.46070594
0.47072756
0.53876716
0.53137374
0.5161858
0.5757376
0.5854446
0.49310827
0.55648124
0.5457204
0.67523944
0.8380203
0.78737247
0.41474485
0.39996573
0.39505902
0.46107295
0.42599112
0.42457557
0.9732219
0.97165495
0.95891374
0.9641518
0.9620362
0.91599196
0.5032723
0.5468223
0.47492212
0.531
0.5430613
0.4845516
0.55287
0.5770172
0.517532
0.44415468
0.44800076
0.37048167
0.47271293
0.46620995
0.38074955
0.43289718
0.32685655
0.2798993
0.44926754
0.3534055
0.30283973
0.44828832
0.44020888
0.36882558
0.46516752
0.43893725
0.4215791
0.3942499
0.30462298
0.27160344
0.395925
0.30867043
0.25436208
0.3970689
0.33090317
0.26447007
0.37698653
0.29674628
0.24777706
0.35677
0.2559502
0.21752496
0.34773704
0.24978079
0.21167274
0.31873423
0.24728397
0.22169346
0.34548637
0.27617913
0.22203963
0.2453673
0.18378389
0.20950623
0.4926312
0.42952493
0.43051177
0.22225693
0.1720222
0.197186
0.269274
0.18793781
0.21971196
0.4464663
0.38717404
0.3596843
0.40693954
0.344517
0.3001649
0.4075561
0.34261796
0.2845504
0.45909423
0.48320267
0.38413826
0.5705913
0.630832
0.52166
0.535048
0.51678956
0.4461791
0.53413326
0.46813798
0.42205375
0.45130414
0.41233867
0.30960807
0.44894332
0.35284397
0.28074342
0.4337182
0.35070014
0.25877017
0.47668195
0.38904524
0.31124976
0.43860656
0.3566143
0.26617545
0.43225121
0.33061618
0.24741614
0.74057823
0.66964054
0.7009162
0.4205852
0.30600128
0.2316135
0.37633914
0.28931725
0.33013517
0.45253524
0.34211558
0.2575088
0.3369243
0.35710737
0.33122355
0.33791897
0.33937117
0.3266978
0.43066394
0.49894017
0.48575753
0.36955085
0.36279815
0.34619352
0.3960867
0.4011341
0.39084193
0.4012104
0.40501922
0.4093642
0.6200094
0.7234915
0.7249817
0.5448313
0.70192504
0.65517807
0.4235488
0.41092977
0.4002192
0.51039976
0.60674495
0.5773627
0.61098033
0.45773795
0.4557115
0.66115105
0.5239191
0.49876094
0.5341756
0.6003039
0.54665226
0.8273854
0.8803723
0.8083951
0.6631032
0.7019634
0.5968165
0.5560552
0.5502384
0.4881293
0.4776783
0.47388986
0.39724094
0.4325791
0.3326611
0.2801394
0.44649175
0.3640953
0.31231603
0.5346958
0.51768214
0.48458555
0.3832256
0.29725957
0.26780486
0.39019197
0.29800534
0.2598787
0.41894558
0.36334383
0.28872636
0.60997874
0.97277755
0.77862483
0.4781061
0.63231105
0.50049824
0.36261493
0.28012642
0.23509213
0.35291615
0.2566864
0.21663144
0.30385873
0.23884022
0.21851428
0.3751234
0.3058241
0.25611776
0.3136404
0.24035366
0.26666674
0.3456937
0.2628514
0.29023573
0.2938004
0.23226012
0.25602573
0.20845693
0.16535394
0.19121778
0.2000502
0.15858997
0.1818759
0.21290432
0.15782829
0.18251203
0.22715807
0.1631141
0.17449553
0.42654306
0.3544734
0.32273468
0.43616262
0.3557963
0.30288905
0.56874675
0.5767536
0.5005873
0.4887681
0.49097377
0.42951307
0.566089
0.55024844
0.44703418
0.5904301
0.6285083
0.47721297
0.6732763
0.74401045
0.58748955
0.43590093
0.38168752
0.30796447
0.50440013
0.48890144
0.3499344
0.4260167
0.3372055
0.24811274
0.41610798
0.31243768
0.2765252
0.41909608
0.30848283
0.23100458
0.26675373
0.18509755
0.20316532
0.43354672
0.3229159
0.23592801
0.36986324
0.38974977
0.36291188
0.3476512
0.34407735
0.33385512
0.37088123
0.40182382
0.38641295
0.366985
0.37665132
0.34024918
0.3674141
0.33139288
0.30361626
0.42520472
0.53075117
0.5329428
0.8148436
0.94901174
0.93976015
0.42730567
0.47154602
0.4523906
0.44706112
0.50768816
0.47981736
0.46491104
0.5817502
0.4909915
0.46247864
0.41513517
0.360764
0.46960345
0.41596493
0.35608324
0.4483706
0.42602527
0.38159767
0.44690254
0.41255876
0.35985863
0.56926405
0.63741606
0.5395974
0.505599
0.50640506
0.43956277
0.44412845
0.41455132
0.3459837
0.7126661
0.861784
0.7019279
0.51910913
0.5146531
0.43967035
0.38709518
0.29255375
0.25858745
0.3739889
0.30721432
0.273683
0.4796679
0.48125237
0.4673416
0.78256184
0.83002514
0.7694743
0.43494847
0.51550645
0.39938098
0.64554363
0.79314417
0.68899757
0.3969499
0.41339952
0.32632715
0.31964016
0.30834165
0.21680737
0.22498707
0.17000994
0.15811199
0.34825614
0.2538575
0.2095945
0.35002965
0.31585735
0.2992052
0.27875057
0.19799505
0.22415712
0.33968106
0.24495533
0.27011698
0.34008875
0.23894049
0.26165017
0.3127212
0.22514185
0.24966568
0.30003878
0.23554833
0.25873676
0.20770012
0.16317667
0.18926343
0.20727277
0.1654656
0.18987356
0.24305442
0.18153067
0.21072692
0.563245
0.49872014
0.51012963
0.44571632
0.39277104
0.36250144
0.5605646
0.5622301
0.4808789
0.44371852
0.4511005
0.3525356
0.65910065
0.83824635
0.56035906
0.51590955
0.43245086
0.33467925
0.64958626
0.64132845
0.51222795
0.52138865
0.43317062
0.51245177
0.44022837
0.3441554
0.2584736
0.41709512
0.30803767
0.22498377
0.35916477
0.27829444
0.22609621
0.6461146
0.53543174
0.528279
0.31905156
0.28673306
0.3153996
0.35510835
0.32297456
0.35077515
0.3554264
0.30667096
0.35130355
0.35106456
0.29659578
0.33788413
0.35205898
0.30158937
0.34430656
0.36618453
0.3011222
0.3504242
0.38467264
0.30390882
0.35492957
0.4149217
0.33157778
0.38338283
0.39389852
0.31195256
0.36249804
0.40194485
0.31794935
0.3732962
0.47821578
0.3941152
0.44304296
0.48911372
0.40863353
0.45666155
0.48355305
0.40245733
0.44979453
0.4746561
0.39079797
0.4373878
0.47219166
0.39231718
0.4270696
0.44101447
0.40298778
0.4063309
0.52711695
0.53828967
0.46547288
0.45890576
0.42023727
0.37069303
0.42452955
0.40195256
0.34832606
0.38232118
0.29140913
0.2534532
0.40413997
0.33288452
0.2893026
0.4070581
0.38826305
0.3497652
0.41100746
0.40198064
0.37863696
0.54832715
0.6231246
0.5563119
0.44135615
0.48522812
0.4349485
0.4512759
0.48266205
0.40424746
0.3597681
0.3470081
0.27271298
0.16235624
0.11275542
0.10986049
0.35019284
0.2634763
0.2177289
0.38398325
0.3227628
0.34137428
0.3098671
0.22664689
0.2500926
0.3605503
0.26080015
0.28636694
0.36699504
0.25105375
0.27392882
0.3720055
0.26187256
0.2860774
0.35123828
0.24518263
0.26982945
0.32766232
0.23719424
0.2667107
0.3017245
0.22987759
0.2589248
0.21756588
0.17152697
0.19784278
0.2280026
0.18076402
0.20930032
0.24212652
0.17934726
0.21469921
0.2226008
0.17379387
0.1849069
0.53106683
0.49958783
0.44091412
0.454755
0.38514245
0.3004844
0.44027752
0.33408722
0.25460902
0.4320651
0.3399792
0.27703673
0.42185435
0.3753639
0.26900145
0.52741325
0.44602975
0.43490276
0.43128654
0.33270636
0.24408762
0.4504572
0.3814335
0.28010038
0.3403817
0.23747988
0.20198986
0.22049314
0.19307816
0.21149212
0.2450009
0.21621238
0.23471151
0.26458967
0.2281044
0.24989063
0.2686091
0.22849275
0.25205064
0.27424064
0.23078749
0.25361755
0.28105202
0.22955477
0.25208458
0.28473043
0.22847797
0.2516952
0.29437464
0.23078126
0.25460503
0.29620522
0.22694162
0.25431436
0.30570316
0.2274795
0.25423235
0.3139048
0.22925259
0.2577552
0.322992
0.23589405
0.2652191
0.32556522
0.23687667
0.26889643
0.3354412
0.24416044
0.279056
0.3594925
0.26523566
0.30247244
0.38490772
0.2870627
0.3271925
0.4201699
0.31680885
0.35978493
0.44571275
0.32556036
0.37791148
0.4479034
0.3307692
0.38220912
0.51106143
0.40706146
0.4610506
0.48834914
0.39848986
0.44202232
0.4663991
0.39661404
0.4212448
0.60851693
0.64653546
0.64133465
0.30626252
0.3858622
0.41932854
0.44886848
0.6705586
0.5981683
0.48846903
0.5046426
0.43334952
0.4686552
0.49812338
0.42473552
0.11989369
0.08454083
0.093552984
0.41062573
0.34748873
0.3042895
0.34796897
0.267047
0.3000618
0.34779325
0.25767455
0.28478134
0.38261154
0.27703804
0.3066249
0.37055966
0.2507863
0.27318725
0.3896818
0.27331263
0.29862058
0.3802397
0.2636331
0.28864887
0.37841088
0.2680899
0.2948101
0.34996283
0.24979459
0.2764687
0.3324721
0.24173842
0.2679376
0.3231951
0.23608354
0.26507556
0.27669266
0.22405356
0.2519775
0.22820918
0.18294689
0.21183707
0.23699278
0.18745708
0.21458037
0.27549636
0.19670855
0.2402899
0.44662833
0.35768875
0.31039703
0.4746464
0.4063418
0.46916685
0.43687084
0.37249273
0.29910377
0.45285702
0.3705654
0.25618845
0.43174282
0.38641518
0.27174643
0.46543497
0.42199612
0.3817969
0.47432554
0.35741866
0.26205847
0.334044
0.28949365
0.33511272
0.34345257
0.29831123
0.3494563
0.33335656
0.27916253
0.3317554
0.3337901
0.2750707
0.3277872
0.34078053
0.28166366
0.33332947
0.3525572
0.290682
0.34206456
0.35080093
0.28873798
0.34060112
0.34303686
0.27717286
0.33113977
0.3632663
0.29493517
0.34943113
0.3789721
0.31310612
0.36409855
0.4108143
0.3378929
0.38895443
0.4667925
0.38786578
0.43871176
0.46303353
0.3838722
0.4403396
0.31968492
0.24377196
0.2902701
0.38922024
0.31223506
0.3513332
0.500026
0.42735913
0.45724556
0.2607222
0.18000679
0.20316212
0.29312542
0.2034252
0.2267403
0.2902842
0.19878002
0.22460052
0.3085617
0.21340254
0.24268006
0.35235214
0.24914534
0.28499871
0.36595428
0.26051253
0.29922542
0.39111525
0.27872553
0.3205668
0.44043767
0.32881954
0.37292537
0.6266824
0.52085084
0.5751485
0.4811208
0.39307246
0.43108675
0.42418584
0.39925027
0.38303557
0.10509469
0.07399727
0.08764028
0.44638234
0.56776583
0.4475565
0.298331
0.2154601
0.24373542
0.35720345
0.2629517
0.2928774
0.38263667
0.2745681
0.307819
0.37652418
0.261387
0.28782904
0.3915069
0.27519804
0.30392143
0.38946894
0.27082855
0.29815808
0.38991052
0.27483755
0.30261213
0.39135
0.28022534
0.30836454
0.37705016
0.26919973
0.2960593
0.35961586
0.25745746
0.2835328
0.32705286
0.23775204
0.2633123
0.30065808
0.2218041
0.24783851
0.28381792
0.22903457
0.2566003
0.22289576
0.18304797
0.21076034
0.2244648
0.18290602
0.21179844
0.21331203
0.17467602
0.19740191
0.06292753
0.039902117
0.02339339
0.5885079
0.5405639
0.34942544
0.6178143
0.6273397
0.38110095
0.5968415
0.569288
0.4380445
0.6840022
0.64927346
0.39472964
0.3143176
0.24848603
0.28833854
0.31444484
0.2492671
0.28827935
0.31609648
0.25174782
0.28840938
0.32555783
0.2592527
0.29669827
0.32350567
0.25540447
0.2922751
0.3314175
0.25983682
0.29648557
0.33268344
0.2614195
0.299062
0.33415055
0.25994307
0.2963723
0.3331277
0.25782216
0.294865
0.32814178
0.25230426
0.28873146
0.33730626
0.25798815
0.29491568
0.34723246
0.2647706
0.30378357
0.35911041
0.275183
0.3159543
0.3641344
0.27761158
0.32085606
0.33374232
0.25291082
0.29897243
0.38804904
0.30023605
0.35275322
0.4211488
0.326784
0.3819713
0.41940126
0.32410368
0.37965205
0.5143399
0.423868
0.4760499
0.4432104
0.34399313
0.39419955
0.43001327
0.3407177
0.38098627
0.44202775
0.34939328
0.38473925
0.2757266
0.19439012
0.21881685
0.29350618
0.2047705
0.2327841
0.31602117
0.22322881
0.25358635
0.33828652
0.24113122
0.27455315
0.4145362
0.3104949
0.34921396
0.1053066
0.068327144
0.09237491
0.46162742
0.37078014
0.42000762
0.33514985
0.25123832
0.2827807
0.36704186
0.27246442
0.3068697
0.3795873
0.27355924
0.30912164
0.37078187
0.26512313
0.29471427
0.38136175
0.2671915
0.29820678
0.38904744
0.275706
0.30736738
0.39167655
0.27639145
0.3084205
0.41127315
0.2945037
0.32552966
0.38145986
0.26942056
0.2978029
0.3806279
0.27205518
0.2994233
0.366104
0.26236686
0.28828892
0.33693638
0.24365917
0.2686899
0.32328057
0.2359042
0.26190594
0.28158683
0.21213
0.23627539
0.27076533
0.21667595
0.24247012
0.11769488
0.0953435
0.11403418
0.2243789
0.17446846
0.19963995
0.2928793
0.19453166
0.2286773
0.7001016
0.7215622
0.45954064
0.6410419
0.61807334
0.47904465
0.8455187
0.82916135
0.51189715
0.3081448
0.246757
0.28315884
0.31105727
0.24973351
0.28523457
0.31268904
0.2500908
0.28466845
0.3211909
0.25655806
0.2908514
0.32305586
0.2573166
0.29170424
0.32852566
0.2595681
0.29413372
0.3271947
0.2578845
0.2923143
0.32759634
0.25594664
0.2908077
0.32745036
0.25533357
0.28964567
0.33274934
0.25825316
0.2921716
0.3393878
0.26123673
0.29589584
0.34314486
0.26317862
0.29810202
0.3455516
0.2640904
0.29989517
0.34912312
0.26637256
0.30305636
0.34313166
0.2614103
0.29921985
0.35506073
0.26983237
0.30978286
0.36515567
0.27831447
0.32006532
0.3744999
0.28644726
0.3311264
0.375167
0.28552032
0.3357847
0.35680705
0.25825468
0.3135627
0.41943455
0.31882942
0.37973392
0.43870133
0.333218
0.3923007
0.44563302
0.3463293
0.4040053
0.539114
0.44056094
0.49230763
0.4035261
0.32096294
0.3670404
0.27909985
0.19696908
0.22730578
0.28654918
0.20758513
0.22981241
0.107534036
0.08001208
0.09548244
0.34051684
0.25718102
0.29979685
0.34397095
0.25327337
0.28924215
0.3575884
0.26508814
0.30185446
0.3653572
0.26171327
0.29622298
0.36864293
0.26835227
0.30132136
0.37467772
0.2661804
0.2987501
0.3758041
0.26966435
0.3038969
0.37247738
0.26890922
0.3029561
0.37937197
0.27333605
0.30648765
0.38055515
0.27110982
0.30221763
0.37163886
0.26559514
0.29476687
0.3631878
0.26014128
0.28737038
0.34995386
0.25481445
0.27988854
0.33493015
0.24412379
0.26891235
0.3163915
0.23054303
0.25406912
0.30118364
0.22011966
0.24317957
0.057214446
0.049614325
0.06003385
0.2555509
0.20399286
0.22518656
0.22262773
0.18086214
0.20278837
0.26106495
0.20241497
0.22208644
0.91742146
0.94088215
0.682159
0.87461585
0.9033776
0.56961006
0.29527342
0.23621869
0.27206346
0.29519865
0.2354461
0.26992577
0.30022234
0.23938902
0.2736086
0.3061365
0.24448171
0.27852148
0.30262956
0.24038363
0.27423337
0.31163362
0.24396707
0.27815142
0.3123555
0.24593417
0.2781399
0.31311318
0.2441971
0.27839106
0.3124799
0.24269111
0.27705437
0.3144179
0.24226035
0.2768747
0.32614377
0.24917477
0.2843216
0.32674673
0.24811496
0.28325197
0.33130616
0.25165117
0.2871481
0.33142924
0.25081062
0.2863679
0.33063516
0.25017038
0.28641585
0.33761862
0.25369373
0.29084146
0.34921533
0.2628649
0.30104348
0.3560825
0.26915637
0.30855727
0.35868397
0.27213696
0.3128108
0.36843437
0.27885017
0.32153565
0.3712252
0.28049743
0.32604414
0.3754186
0.2833092
0.33171412
0.38552448
0.28978842
0.34270445
0.38757393
0.2938138
0.34898546
0.40210727
0.307981
0.3644178
0.39679182
0.30369017
0.36022654
0.43571565
0.33912313
0.39516515
0.13096079
0.09284512
0.117321916
0.27185428
0.20508051
0.24119915
0.31410712
0.22478908
0.2581456
0.35333678
0.2626012
0.30074212
0.3456523
0.2463603
0.2763078
0.35924375
0.2634223
0.29747862
0.35920447
0.25574893
0.28881878
0.36621037
0.26813108
0.30274013
0.36105123
0.26268768
0.29752448
0.36475936
0.26521108
0.29915255
0.36720005
0.2666096
0.30026314
0.36660823
0.263203
0.2945867
0.35726628
0.25566098
0.2847687
0.35145408
0.2549316
0.28095254
0.34064612
0.24709809
0.27185583
0.32232907
0.23413599
0.25728196
0.31155634
0.22516014
0.24748108
0.052206896
0.046109498
0.052206255
0.28196278
0.20419113
0.2231597
0.27088365
0.19946864
0.21724366
0.3045426
0.26154152
0.25729522
0.97364074
0.9731466
0.75909245
0.9722008
0.97361666
0.711725
0.2839927
0.22593091
0.26029953
0.28402814
0.22603951
0.25917584
0.28514788
0.2260794
0.25920698
0.28833872
0.22880991
0.261848
0.29073378
0.23011568
0.26282558
0.2981918
0.2352912
0.26842746
0.301381
0.23759587
0.26939508
0.3011833
0.23534055
0.2680866
0.2965501
0.23015751
0.26313412
0.29830182
0.23008461
0.26380986
0.30949634
0.23634416
0.2707005
0.31005874
0.23470253
0.26878667
0.3113372
0.23414205
0.2677505
0.3110032
0.23351242
0.2670391
0.31487688
0.23667204
0.27129158
0.31843883
0.23793162
0.27344793
0.3322295
0.24807741
0.2849994
0.3346791
0.2490381
0.28617218
0.339903
0.25444975
0.29213512
0.34887508
0.26246455
0.30130285
0.3533716
0.26630634
0.3061924
0.35642463
0.2695624
0.31052354
0.3615121
0.27382863
0.31623253
0.3563981
0.2697857
0.31215563
0.34911534
0.26329464
0.3055442
0.34899563
0.26266357
0.30539212
0.36175612
0.27932733
0.32689846
0.16409785
0.12115295
0.14708634
0.2991021
0.23465513
0.2692439
0.31671032
0.22825702
0.2595432
0.35141197
0.26176184
0.29867113
0.3458092
0.25191557
0.28301513
0.37135005
0.27583298
0.31066453
0.34864753
0.2554574
0.2894618
0.35486132
0.2631772
0.29873905
0.35137722
0.2585658
0.29436615
0.35330978
0.25886887
0.29348493
0.3541775
0.25898305
0.29368094
0.35465804
0.2559691
0.28899366
0.3470636
0.24961947
0.28058589
0.336242
0.2437243
0.27175912
0.3326407
0.24036442
0.2658552
0.3221019
0.23344609
0.25691906
0.31030837
0.22371504
0.24589624
0.19249709
0.1629905
0.17112549
0.2963676
0.21497652
0.2323197
0.28684542
0.21239513
0.22795746
0.32075748
0.29245827
0.281397
0.9727027
0.971128
0.9319531
0.48136762
0.4020654
0.33793896
0.2672838
0.21077102
0.2423055
0.271417
0.21469085
0.24624737
0.27168778
0.21429941
0.24564117
0.27678838
0.21860963
0.2503401
0.2792352
0.21952532
0.24995987
0.2859193
0.22470376
0.25567243
0.29085365
0.22722301
0.25799698
0.2908605
0.22636934
0.25744835
0.2864819
0.22136115
0.25268725
0.28789026
0.22122253
0.2530463
0.28917003
0.21969248
0.2520337
0.29538977
0.22306329
0.2555773
0.295731
0.22138007
0.2535984
0.29894814
0.22388694
0.2560629
0.29775146
0.2228362
0.25510186
0.29878274
0.22214416
0.25408655
0.30995333
0.2307298
0.263842
0.313168
0.23243536
0.26628086
0.31513438
0.23391478
0.26843867
0.3212675
0.23810035
0.2737065
0.32871506
0.2448138
0.28208837
0.33495808
0.25058013
0.28850782
0.33800778
0.25224796
0.29045048
0.33972085
0.25431404
0.2925218
0.3388158
0.25391272
0.29214692
0.34436318
0.26161504
0.29983062
0.34690046
0.2671989
0.30786797
0.21581462
0.18189858
0.20396948
0.30887735
0.24149859
0.2799039
0.31927112
0.23352946
0.26459995
0.33915108
0.24943396
0.28394195
0.3388321
0.25311536
0.28631112
0.34411594
0.2552175
0.29098022
0.3373533
0.24990034
0.28504893
0.3430002
0.25726956
0.29376274
0.34273475
0.25505394
0.29170373
0.3453773
0.25501046
0.29073703
0.34292656
0.250796
0.2861776
0.3411102
0.24713336
0.28098655
0.33080047
0.23714314
0.26782945
0.32774064
0.23741487
0.26537895
0.32515803
0.23534317
0.26170328
0.31809345
0.2302656
0.25404388
0.3065085
0.22070536
0.24291658
0.272333
0.21266155
0.22557795
0.2964216
0.21807408
0.23510559
0.33169568
0.2745196
0.2875326
0.11953945
0.0986622
0.093823634
0.6511881
0.5505483
0.44346547
0.64871246
0.5607102
0.5035885
0.2565747
0.20158745
0.23132218
0.2581172
0.20359676
0.23277552
0.25881636
0.20371714
0.23230325
0.262403
0.20702177
0.2359484
0.26540375
0.20856155
0.23629636
0.2710495
0.21221302
0.24003674
0.27229783
0.21214111
0.23988773
0.27298063
0.21171142
0.23944461
0.27296415
0.2106934
0.23899099
0.2725434
0.2085065
0.23779564
0.2765213
0.2095648
0.23947345
0.28402653
0.213828
0.24358203
0.28209415
0.21146992
0.24160449
0.28682116
0.2152378
0.24580815
0.2918706
0.21851175
0.24935229
0.29372832
0.21897456
0.24951258
0.2931254
0.21802962
0.24897896
0.2959198
0.21927965
0.2504245
0.2994014
0.2220146
0.25320673
0.3065662
0.22790736
0.26020464
0.3113007
0.23144138
0.26475033
0.31176618
0.23171075
0.26538584
0.31141213
0.2306011
0.2639891
0.31773698
0.23639546
0.27020457
0.32032496
0.23700763
0.27113494
0.3257556
0.24358469
0.27867112
0.33003712
0.2509393
0.28816378
0.5195261
0.4671636
0.5122197
0.2982946
0.22632983
0.26364395
0.31361607
0.23040663
0.2616065
0.32100993
0.23221141
0.26128772
0.32344106
0.24220923
0.27486947
0.33445704
0.24994855
0.28483924
0.33788252
0.25271475
0.287661
0.33756658
0.25353146
0.28948122
0.3349213
0.24907474
0.28490788
0.33638188
0.24993984
0.28559327
0.33485037
0.24716006
0.28241965
0.33377638
0.24441409
0.27831617
0.32236582
0.23323633
0.26444325
0.31806517
0.23109467
0.2589218
0.31384164
0.22727239
0.25290012
0.30781615
0.22287291
0.24638313
0.30141547
0.21738422
0.24003215
0.2838846
0.21707304
0.23318847
0.29248548
0.21841067
0.2336788
0.19352718
0.1569195
0.15792003
0.11915783
0.11122019
0.086861245
0.53983784
0.44403028
0.354922
0.4308247
0.39971903
0.32775053
