0.43689656
0.4592032
0.46295348
0.43776548
0.4599831
0.4634426
0.44080552
0.46233636
0.465642
0.44435406
0.4656679
0.4690448
0.4485518
0.46938783
0.47260153
0.45657915
0.4771945
0.48017246
0.45943266
0.47983858
0.48268464
0.46103266
0.48114413
0.48399585
0.46413314
0.4835844
0.48623067
0.4565122
0.47607106
0.4785901
0.4663711
0.48528567
0.48784798
0.47397748
0.49240464
0.4948327
0.47463945
0.4927562
0.49450457
0.47457275
0.49253756
0.49366754
0.47339118
0.49097946
0.49157175
0.47136042
0.48843652
0.4889125
0.46763465
0.48454276
0.48469916
0.4648969
0.48285428
0.48267967
0.46700537
0.48487428
0.48454902
0.47096485
0.48855424
0.4882187
0.47759795
0.49489102
0.4942881
0.4828489
0.5004697
0.4994602
0.4831914
0.5003513
0.4994026
0.481926
0.49867812
0.49775606
0.47393698
0.49065214
0.49004456
0.47691005
0.49407125
0.4931543
0.48031417
0.49774197
0.49676284
0.48289594
0.5002861
0.49937904
0.48460522
0.50301665
0.50297433
0.48289502
0.50269437
0.50302804
0.4771
0.49728924
0.49835846
0.47277212
0.49335068
0.49479073
0.46576485
0.48769143
0.48932785
0.46393612
0.48677367
0.48832038
0.46501398
0.48807743
0.4901679
0.46565354
0.48874032
0.4911941
0.46581414
0.4890677
0.49195236
0.45942563
0.4828509
0.4857566
0.45445776
0.4780972
0.4811319
0.45210916
0.4758285
0.4789834
0.45276734
0.47690615
0.48038474
0.4585304
0.4843899
0.48775277
0.47321227
0.50018513
0.50377446
0.48404467
0.5117825
0.5155667
0.48498708
0.5131802
0.51706743
0.47513267
0.5030271
0.5064988
0.4716107
0.49912637
0.50187963
0.4701808
0.49723977
0.50001
0.46397448
0.49099773
0.49423262
0.4528015
0.47999597
0.48310697
0.44892687
0.47399148
0.47738165
0.4513218
0.47584504
0.47930908
0.45455876
0.47852167
0.4820699
0.45585918
0.47973078
0.4832439
0.45835787
0.48167744
0.48531127
0.46025747
0.48284405
0.48648167
0.46362445
0.48521155
0.48897192
0.46552676
0.48683247
0.4904959
0.47159964
0.49269474
0.4963644
0.47579038
0.4967963
0.50059134
0.47673422
0.4972107
0.50116885
0.4776465
0.49797478
0.5017637
0.4785426
0.49885064
0.50219285
0.47267693
0.4924187
0.49538657
0.4689107
0.48852286
0.49082962
0.46667135
0.48614687
0.48821718
0.46484405
0.48420668
0.48599398
0.4663834
0.48589334
0.48747605
0.4677291
0.48688444
0.48819056
0.4687526
0.48775557
0.4888397
0.47090802
0.4895422
0.4901913
0.4743091
0.4927479
0.493075
0.47561353
0.49379984
0.49385348
0.47807512
0.49617678
0.49596348
0.4764011
0.4941684
0.49421048
0.48049664
0.49846765
0.49847215
0.48030618
0.4985983
0.4985889
0.4799278
0.49839258
0.49823624
0.47794917
0.4966142
0.496904
0.47319663
0.4925702
0.49324843
0.46957624
0.4897827
0.49093577
0.46732354
0.4881749
0.48937967
0.4630284
0.48550132
0.48703253
0.46106067
0.48417687
0.48611
0.4609462
0.48456728
0.48664913
0.46089247
0.48464638
0.48677188
0.4599117
0.48379222
0.48627558
0.4584973
0.4824711
0.48501176
0.45816588
0.48250556
0.4851536
0.45859787
0.48300034
0.4856401
0.458919
0.4835287
0.48643693
0.46350545
0.48911643
0.49243653
0.47505227
0.50125194
0.5044617
0.47742125
0.5041269
0.5069972
0.47451103
0.5015167
0.50435835
0.4713876
0.4984585
0.5009985
0.46814173
0.49512076
0.4972758
0.46898967
0.49570933
0.49781087
0.46395886
0.49047408
0.49262935
0.46216348
0.48858425
0.49082628
0.45530388
0.48177597
0.48517606
0.45599216
0.48221153
0.48562708
0.45969945
0.48524612
0.48869944
0.46242607
0.48768356
0.4913466
0.4700061
0.49491557
0.49883622
0.47014347
0.49428797
0.4980794
0.4728975
0.49602285
0.5000153
0.47548115
0.49818078
0.5023272
0.4772862
0.49993935
0.5041736
0.4773154
0.4998985
0.5041705
0.47765157
0.49966425
0.50429714
0.47791424
0.49965099
0.5042907
0.4789283
0.50064397
0.50498605
0.47863233
0.50044984
0.5042889
0.47968873
0.5011553
0.50442284
0.4797111
0.5008732
0.50401324
0.48041934
0.5012512
0.50436133
0.4816019
0.50277424
0.50540614
0.48128918
0.50197726
0.5042451
0.48127812
0.5013875
0.50362825
0.47943148
0.49905694
0.5007325
0.47224277
0.49157175
0.49270612
0.47037852
0.48918843
0.49009427
0.47771534
0.49630794
0.4970713
0.47618684
0.49410358
0.49515522
0.47249964
0.49051255
0.49156898
0.4728289
0.49114174
0.49209133
0.4730882
0.491513
0.492504
0.47120842
0.4898783
0.4910629
0.4672404
0.4866439
0.48783368
0.46603113
0.48613328
0.48768392
0.46500027
0.48544446
0.48725504
0.46216896
0.48420167
0.48631966
0.46087986
0.48369938
0.48603934
0.46020615
0.48360384
0.4860773
0.4605229
0.48394907
0.48655966
0.46090293
0.48455027
0.4874
0.46127325
0.48516446
0.4879688
0.45982653
0.48415554
0.48710132
0.45941377
0.48373374
0.48673663
0.45668718
0.4812937
0.4846168
0.45294437
0.47842208
0.48203957
0.45230338
0.47805503
0.48154184
0.45903152
0.4851503
0.4885055
0.45103392
0.47745278
0.48061526
0.4506662
0.4771695
0.48010597
0.44886222
0.4754219
0.47815397
0.44808045
0.4742746
0.4771182
0.44748393
0.47347397
0.47645524
0.44263706
0.4687207
0.47153723
0.45765337
0.48468998
0.48769242
0.45887786
0.48538095
0.48851338
0.46182805
0.4875466
0.49080682
0.46329263
0.48895493
0.49216065
0.4687973
0.49385995
0.49739185
0.4706761
0.49537507
0.49921447
0.476138
0.500218
0.50460833
0.47852838
0.5027115
0.5070558
0.47928932
0.50316495
0.50802046
0.4767422
0.49978697
0.50555533
0.4765333
0.49940798
0.50546217
0.47660875
0.4994459
0.5053823
0.48416945
0.5074289
0.5130232
0.4852368
0.5086319
0.51372385
0.48663676
0.50976866
0.5141787
0.48718113
0.51020306
0.51425093
0.48937953
0.51190174
0.51548505
0.49028224
0.51270163
0.51608336
0.49116442
0.5131345
0.51600146
0.49184537
0.5135383
0.51619405
0.495416
0.51623166
0.51856506
0.49262622
0.5134165
0.5157317
0.487996
0.50832695
0.51049006
0.4806299
0.5004377
0.50253844
0.47572675
0.49484769
0.49698895
0.4804829
0.49988583
0.50190663
0.48304945
0.50246483
0.50413615
0.48397994
0.50343835
0.5048844
0.4742592
0.49350822
0.49496567
0.46742603
0.48722476
0.48882657
0.46644258
0.48704717
0.48892564
0.4655294
0.4866084
0.48854432
0.4640612
0.48602164
0.4881783
0.46384907
0.4861887
0.48841852
0.46186653
0.48523128
0.48757377
0.46184096
0.4854755
0.48772505
0.4601533
0.48400122
0.48629028
0.4583466
0.48232087
0.4847538
0.4573993
0.48179045
0.48438257
0.45754436
0.4821272
0.48469138
0.4568776
0.4817972
0.48433343
0.45782936
0.48283684
0.4855657
0.45206353
0.47705382
0.4801003
0.44837213
0.47373095
0.47648445
0.4492658
0.4747222
0.4773755
0.45028055
0.4757693
0.47860005
0.45332676
0.47906846
0.48198128
0.4556457
0.4814536
0.48433083
0.452798
0.4785124
0.4816239
0.4490599
0.47474387
0.47791585
0.4580253
0.48496377
0.48801512
0.45945075
0.4860827
0.48908246
0.4618628
0.4876772
0.49079967
0.46325192
0.48880932
0.49208593
0.46722925
0.4922412
0.49584323
0.46840543
0.49326748
0.49701846
0.4699419
0.4939129
0.4983321
0.47113746
0.49466464
0.4994084
0.47111496
0.49417755
0.49952117
0.47245166
0.4954025
0.5014918
0.47414178
0.49692044
0.5033934
0.47592905
0.49870276
0.505259
0.48276883
0.5060025
0.5123551
0.4855764
0.509136
0.51490754
0.48623165
0.50968915
0.5147213
0.48638484
0.50950605
0.5145091
0.4895508
0.5119299
0.5166015
0.49060538
0.5129638
0.51726025
0.4959832
0.517544
0.521246
0.498972
0.52012354
0.5237353
0.49664214
0.51730216
0.52052146
0.4913206
0.5124958
0.5155091
0.48840335
0.5091241
0.5121645
0.48385683
0.5040726
0.50713193
0.48260492
0.50240934
0.5054336
0.48328865
0.5033358
0.5060584
0.4817826
0.50148785
0.50404537
0.4808142
0.50036633
0.5027641
0.4743819
0.49349096
0.49594805
0.47062266
0.4903688
0.4927603
0.4698041
0.4901754
0.49291423
0.4696581
0.49037614
0.49327418
0.46814933
0.48952153
0.4925306
0.4670863
0.48898813
0.49187475
0.46357268
0.4864359
0.48939478
0.46198195
0.48521498
0.48822084
0.45945626
0.48283905
0.48596823
0.45729187
0.48093903
0.48406115
0.45669863
0.4807485
0.48404577
0.45690483
0.48102418
0.48441762
0.45874602
0.48327565
0.48662013
0.44974065
0.47438997
0.47756198
0.44968107
0.4742698
0.477755
0.44726294
0.47182673
0.4753328
0.4452558
0.46980214
0.47321266
0.4460026
0.4707099
0.4742001
0.44963908
0.4745771
0.47826928
0.4529644
0.47775167
0.48162282
0.45153162
0.476303
0.48053282
0.44929728
0.47429663
0.4784007
0.45554116
0.48360783
0.48665
0.4596122
0.48700693
0.49008566
0.4628817
0.4895117
0.49261743
0.46419474
0.4907235
0.493825
0.46408427
0.49038762
0.49371192
0.46088472
0.48666978
0.4905055
0.45913926
0.4845013
0.48850948
0.45805806
0.48338857
0.48747927
0.45865065
0.4836676
0.48828384
0.46642277
0.4905188
0.49580863
0.47214952
0.49572727
0.50143105
0.47450545
0.49815306
0.50381327
0.47536126
0.4986971
0.5044567
0.47988352
0.503461
0.50901794
0.48240015
0.5058296
0.51086634
0.4835298
0.50705534
0.5118583
0.48590156
0.50906503
0.5137539
0.486254
0.50924045
0.5137521
0.48669127
0.50932556
0.5135447
0.48653778
0.5090845
0.51307493
0.48524064
0.5076382
0.5114362
0.48529643
0.50748116
0.5112355
0.48701382
0.50878847
0.51220274
0.486977
0.5088506
0.51195353
0.48783037
0.50929785
0.51201624
0.48772976
0.5092237
0.5115781
0.48213637
0.5027471
0.5051495
0.47755894
0.49758062
0.49987453
0.4739746
0.4938739
0.4962566
0.47295827
0.4931529
0.49561626
0.4727198
0.4934673
0.49605128
0.47304407
0.49408415
0.4966067
0.47188777
0.49332887
0.49613005
0.46828488
0.4904122
0.4932198
0.46431246
0.48714277
0.48999953
0.46260557
0.4858279
0.48874173
0.46020707
0.48392388
0.48702487
0.4590205
0.48283264
0.4860783
0.457516
0.48154855
0.48498866
0.4572602
0.48145032
0.4848731
0.45721737
0.48179206
0.48524144
0.45844123
0.4831473
0.48684323
0.45532238
0.48000413
0.48374322
0.45328686
0.47814324
0.48180607
0.44904244
0.47353807
0.4774402
0.44774726
0.47190383
0.47579226
0.4496892
0.4738336
0.477881
0.451859
0.47610375
0.48015803
0.4528881
0.47714797
0.4813564
0.4515122
0.47573948
0.4803195
0.45520148
0.48339024
0.48654184
0.45518404
0.4830484
0.48620105
0.45583674
0.48300865
0.4861162
0.45586982
0.48265484
0.48596257
0.45449612
0.48107103
0.48459667
0.45093977
0.47731093
0.4811461
0.45216575
0.47818503
0.4821131
0.4528349
0.47831404
0.48253953
0.4564042
0.48182392
0.4863868
0.4637242
0.48847118
0.49322078
0.47121322
0.49535874
0.50052625
0.47390726
0.49776158
0.50323236
0.473197
0.49652275
0.5020513
0.47722578
0.50074995
0.50603867
0.4801744
0.5036634
0.50867313
0.48211068
0.50560015
0.5105987
0.48271793
0.5057129
0.51068205
0.48087218
0.50332475
0.508145
0.47640523
0.4983916
0.50303596
0.47397128
0.4955158
0.5001859
0.47526747
0.49689168
0.5013967
0.48043406
0.50246674
0.50675976
0.4847489
0.50678587
0.5106746
0.48664635
0.5086589
0.5123587
0.48791793
0.50944936
0.51277906
0.48475832
0.50570714
0.5085657
0.47888952
0.49937442
0.5022791
0.47467148
0.49441972
0.4973569
0.47342184
0.4932426
0.49613363
0.4734143
0.49352857
0.49646002
0.47275627
0.4933254
0.49627906
0.472952
0.4936279
0.4966482
0.47136876
0.49252298
0.49569497
0.46802905
0.49008426
0.4932563
0.46446967
0.4871632
0.49047732
0.46331918
0.48625156
0.48975423
0.4610321
0.48431882
0.48797446
0.4599591
0.48361665
0.4873243
0.45823702
0.48201832
0.48588312
0.4577114
0.48160616
0.48561475
0.45728025
0.48145366
0.48553842
0.4592632
0.4838322
0.48809513
0.4601879
0.48470074
0.48912796
0.45859534
0.48308253
0.48745134
0.46034387
0.48447844
0.48914254
0.45450068
0.47850975
0.4830269
0.45461422
0.47841072
0.4831107
0.45543635
0.47908446
0.4839469
0.45689625
0.48042688
0.48537397
0.4550085
0.47868833
0.48381555
0.45275235
0.48193324
0.48506328
0.4496091
0.47844526
0.48165274
0.44816563
0.47671172
0.47987604
0.44739693
0.47592887
0.47911346
0.44784436
0.47612125
0.47948563
0.45144752
0.4793057
0.48287147
0.4540616
0.48157096
0.48519558
0.4554673
0.4828173
0.48657796
0.45836318
0.48513395
0.48922524
0.46269798
0.4888206
0.49323
0.46525463
0.49074388
0.49569148
0.46563268
0.49095532
0.4959595
0.47041816
0.4950231
0.50007224
0.47326967
0.4977271
0.5027639
0.47557718
0.4997198
0.50470513
0.4762104
0.5003914
0.5053141
0.47448593
0.49824607
0.5031267
0.47405
0.4973416
0.50236464
0.47390255
0.49710163
0.50181377
0.47436655
0.4976082
0.5023323
0.4800535
0.5036176
0.50813794
0.48171133
0.505104
0.5093462
0.48335046
0.5064907
0.5103055
0.48354003
0.5066635
0.51022357
0.4812232
0.5035321
0.50689244
0.47563955
0.49682933
0.49984914
0.47311252
0.4939658
0.49684063
0.47216058
0.49301338
0.49580416
0.4721486
0.49316794
0.49579075
0.47185063
0.49307516
0.49568936
0.4681711
0.48968646
0.4924831
0.46697664
0.488754
0.49151233
0.46583146
0.48782587
0.4906937
0.46443105
0.48689455
0.49007368
0.46247017
0.48561382
0.4890226
0.46214345
0.48530382
0.4888176
0.46163097
0.48544073
0.48908055
0.4615614
0.48561504
0.48923188
0.4594051
0.48415545
0.4876783
0.45844015
0.48338458
0.48688698
0.45752603
0.48217973
0.48590323
0.4574411
0.48214632
0.48619816
0.45877
0.48341858
0.48791817
0.4586945
0.4833515
0.4878521
0.46000153
0.4847461
0.4897654
0.45762452
0.48212156
0.48740485
0.45790344
0.48214087
0.48706204
0.45853943
0.48267847
0.48742273
0.45737636
0.48121086
0.4861191
0.45657465
0.4804327
0.4854479
0.44980532
0.47900945
0.48211765
0.44961372
0.4787851
0.4820246
0.45072395
0.47957486
0.48285636
0.4519077
0.4805943
0.48397097
0.4561228
0.48447853
0.48799965
0.46183798
0.48996967
0.4934963
0.46407112
0.49185237
0.49539074
0.46443874
0.49194646
0.4957092
0.46124142
0.4882297
0.49226487
0.4632118
0.48977476
0.49395967
0.4654737
0.49146488
0.4961694
0.4658747
0.4914529
0.4964665
0.47010615
0.4949886
0.5000128
0.47000593
0.49467784
0.49947137
0.47094107
0.49508172
0.5000164
0.47131166
0.49507853
0.5002588
0.4725068
0.49621743
0.5013148
0.4754565
0.4993566
0.50447965
0.47871485
0.50281763
0.5075531
0.48023355
0.5044142
0.50924456
0.4802477
0.5040923
0.5087384
0.48104298
0.5048288
0.509187
0.4803792
0.503654
0.50749135
0.47953233
0.502322
0.50611556
0.47502688
0.49656105
0.5001654
0.4707645
0.49204814
0.4951941
0.47194806
0.49284577
0.49591014
0.47217163
0.49302545
0.49612588
0.472446
0.49350047
0.49638247
0.47149646
0.49287814
0.4956235
0.46700433
0.4887096
0.49156106
0.46403557
0.4859162
0.48889953
0.46388823
0.48611915
0.48920602
0.46356395
0.48618674
0.48951694
0.46216506
0.48529717
0.48893842
0.4619481
0.48504427
0.4887929
0.46188322
0.48556575
0.4894145
0.46182424
0.4858749
0.48955798
0.46036792
0.4851699
0.48873454
0.4598305
0.48477373
0.4884458
0.45795426
0.48258796
0.48649925
0.45675203
0.481443
0.48555174
0.45813566
0.48282486
0.4874228
0.4580958
0.48266876
0.48746163
0.458759
0.48350137
0.48886713
0.45616883
0.4807195
0.48625967
0.4606772
0.48508716
0.49038714
0.46314958
0.4872505
0.49255082
0.45971715
0.48369983
0.4891816
0.45818526
0.4823328
0.48778656
0.44846842
0.47853237
0.48184332
0.45396563
0.48359686
0.48704126
0.45926732
0.48848462
0.49193698
0.4665494
0.49583316
0.49928206
0.46861959
0.497755
0.5011562
0.46858996
0.49743432
0.50079954
0.46749893
0.49577522
0.499336
0.4668594
0.4950249
0.4985996
0.4671085
0.49496055
0.49875
0.47220483
0.49993414
0.5037082
0.4763301
0.50376815
0.5078791
0.4773096
0.5047352
0.50891566
0.4744463
0.5010493
0.505606
0.46939686
0.4951386
0.49959686
0.47075123
0.49620965
0.5007786
0.47084674
0.49634683
0.5009686
0.47688615
0.5024179
0.50694704
0.4783514
0.5039974
0.50859797
0.4806047
0.5060907
0.51056314
0.48100975
0.5064225
0.5109693
0.47789246
0.50295246
0.5071555
0.47760433
0.50212604
0.506284
0.4746947
0.498517
0.50226283
0.47352284
0.49713293
0.50078505
0.47193876
0.4948322
0.49827668
0.4687024
0.49137592
0.49458137
0.47018123
0.49252784
0.49532506
0.47120637
0.49352187
0.49625942
0.4699909
0.49238634
0.49501407
0.4662027
0.48904625
0.49159515
0.4629972
0.48581013
0.488468
0.46210063
0.48513353
0.4878354
0.4619448
0.48532063
0.48819485
0.46217695
0.4856871
0.488867
0.4610069
0.4851081
0.48843592
0.46054384
0.4847434
0.48813403
0.45978472
0.48443013
0.48799375
0.46035016
0.48537636
0.48890752
0.45962918
0.48488367
0.4884467
0.45939162
0.48475957
0.48835036
0.45847017
0.48363933
0.48739648
0.45635965
0.48130056
0.48512742
0.45716068
0.482157
0.48646092
0.45714796
0.48210454
0.48660585
0.45760047
0.48265862
0.48758963
0.45647523
0.48147863
0.4869074
0.45628303
0.48130342
0.48682788
0.45690757
0.48184997
0.4873232
0.4585655
0.4833145
0.48921952
0.46037796
0.48489726
0.49080256
0.45211604
0.48230752
0.48586112
0.45702693
0.48682153
0.4903655
0.46147418
0.49080178
0.49434584
0.4649088
0.49413216
0.49760988
0.4647035
0.4935942
0.49708033
0.4635733
0.49235705
0.4957209
0.46580136
0.49423856
0.49774027
0.4673035
0.4955153
0.4991137
0.46958965
0.4975939
0.5012788
0.4721614
0.49996018
0.503692
0.47251666
0.4997216
0.5037398
0.4725021
0.49925712
0.5036001
0.4707779
0.49708715
0.50142527
0.46940657
0.49549362
0.49966967
0.4724655
0.49836534
0.5026808
0.4740878
0.5001259
0.5045558
0.47813028
0.5040949
0.50849116
0.4796348
0.5055478
0.5099247
0.48005038
0.50565344
0.5099028
0.47947824
0.50492865
0.50928956
0.4776714
0.5027162
0.5068204
0.4785094
0.5035726
0.507536
0.4678334
0.49168223
0.495332
0.46372953
0.48731053
0.49106783
0.46138698
0.48434833
0.48801944
0.4631652
0.4862327
0.48948216
0.467857
0.49071175
0.49351463
0.44837296
0.47139016
0.47408426
0.4501509
0.4730416
0.47575825
0.46325332
0.48617285
0.48880687
0.46207154
0.4849691
0.48768172
0.46179116
0.4848595
0.4877152
0.4613311
0.48471472
0.4876559
0.45969665
0.48334146
0.48644266
0.45836657
0.48248982
0.48565504
0.45806143
0.4821283
0.4855281
0.4589924
0.4836423
0.48711812
0.460165
0.48528677
0.4887948
0.4597402
0.4850534
0.48863316
0.4594371
0.48479757
0.48845237
0.4587259
0.48392498
0.48774976
0.45600322
0.48103243
0.4848316
0.4564606
0.48150843
0.48568332
0.45646933
0.48135898
0.4858496
0.45688665
0.48179406
0.48678726
0.45641473
0.48145658
0.4868438
0.45633355
0.48154894
0.48713732
0.45668057
0.4818131
0.48743206
0.45736003
0.48219863
0.48825318
0.45718348
0.48192585
0.4878663
0.45787328
0.48819965
0.4916129
0.4589963
0.4890577
0.49250492
0.45925197
0.4888584
0.49231827
0.45971388
0.48931134
0.49271145
0.45964226
0.48894393
0.49238008
0.4608643
0.49003595
0.4933591
0.46529314
0.4941784
0.49747553
0.46731547
0.4962165
0.49959797
0.46281934
0.49109873
0.49474242
0.46280685
0.49074954
0.494511
0.46089104
0.48852482
0.49243397
0.4600423
0.48744988
0.49145696
0.4621033
0.48929313
0.49312094
0.46422002
0.49121463
0.495067
0.4672007
0.49368083
0.49748537
0.4679063
0.49432558
0.498115
0.4696329
0.49596226
0.4996772
0.46806362
0.49420974
0.49801493
0.47217837
0.49811447
0.501939
0.4757412
0.50211126
0.5058954
0.47883055
0.50533825
0.50871456
0.480915
0.5071635
0.5106682
0.4822393
0.5076783
0.5110201
0.46336353
0.48790765
0.49104965
0.41572177
0.4401663
0.44331518
0.4838094
0.5085508
0.5114951
0.47759166
0.5019555
0.504697
0.47614765
0.50041807
0.5029936
0.47439915
0.49816892
0.50056314
0.4655981
0.48941234
0.49181753
0.4640235
0.48780915
0.49034
0.46383807
0.48770127
0.49027744
0.46241266
0.48689133
0.48950294
0.46020222
0.48502174
0.48774272
0.45917317
0.4843759
0.48730904
0.45915446
0.48449513
0.48753276
0.4603983
0.48611024
0.48921475
0.46094358
0.4867191
0.48979264
0.46101922
0.48686776
0.49007517
0.46085966
0.48679185
0.49006325
0.45860285
0.4842716
0.4876865
0.45775324
0.4833673
0.4869955
0.45776024
0.48339397
0.48734906
0.4574984
0.48317155
0.487323
0.45796698
0.48336264
0.4881475
0.45731863
0.48273924
0.48779398
0.45651343
0.48206416
0.48733124
0.4562904
0.48186374
0.48710626
0.45284688
0.47797924
0.48343274
0.45357484
0.47858617
0.48412815
0.45828074
0.4885779
0.49202842
0.45773974
0.48799762
0.4913452
0.45826316
0.48807085
0.4914
0.45855206
0.48814237
0.49155584
0.45938382
0.4887054
0.49214634
0.46134824
0.49062967
0.49391222
0.46102056
0.4897989
0.49320376
0.46078885
0.48935416
0.49285376
0.4553062
0.4836354
0.48732182
0.4574819
0.4857291
0.48942494
0.4578461
0.4857541
0.4896754
0.45829642
0.48583588
0.4901846
0.4609021
0.4881655
0.49204803
0.46214882
0.48927128
0.49305487
0.4621064
0.4888833
0.4925511
0.4621001
0.4886665
0.49242812
0.46084794
0.48717374
0.49088404
0.46258515
0.48885867
0.492607
0.46724603
0.49334335
0.49699455
0.47401458
0.50029534
0.5040338
0.47621277
0.5027387
0.50598574
0.4792217
0.50550026
0.5087964
0.42216757
0.44697577
0.45007896
0.4211581
0.44587865
0.44883555
0.4756249
0.500835
0.50367296
0.47781727
0.50291044
0.50559586
0.4741072
0.49853894
0.5012565
0.4741868
0.49843246
0.50113404
0.47295755
0.49672377
0.49914744
0.46582058
0.4898192
0.49225828
0.46435812
0.48824486
0.49076614
0.46410945
0.48803288
0.49058375
0.46271977
0.4873051
0.4898268
0.4623119
0.48727748
0.48988682
0.4619032
0.4872659
0.48999855
0.4620705
0.48749712
0.49034345
0.46334052
0.4890505
0.49197337
0.46189508
0.48773605
0.4906691
0.46222377
0.48808762
0.49114096
0.46219882
0.48804602
0.4912974
0.4588688
0.48448646
0.48785105
0.4586403
0.48430622
0.48783356
0.458678
0.4843157
0.4882537
0.4588827
0.48452154
0.48865885
0.46075308
0.48591828
0.4905228
0.45901957
0.48449975
0.4894239
0.45680013
0.48237878
0.4875276
0.4552861
0.48080736
0.48601824
0.45544606
0.48080343
0.48639712
0.45333418
0.47871357
0.4842243
0.4563817
0.4871878
0.4906755
0.4586365
0.48909357
0.49250984
0.45946708
0.48957843
0.49290463
0.45987642
0.4899092
0.4932125
0.46049187
0.49025643
0.49350435
0.45974502
0.48917547
0.4925281
0.4567041
0.48602432
0.4893944
0.45599088
0.48525092
0.48854357
0.45617452
0.48513007
0.48864287
0.45850727
0.48716637
0.49061897
0.46118772
0.48957947
0.4933054
0.46158186
0.49002692
0.49347848
0.46358785
0.49168566
0.49548396
0.46307713
0.49102548
0.49458155
0.46071973
0.48837698
0.49172267
0.4595214
0.48716435
0.49048096
0.45975864
0.4871953
0.49046278
0.46783307
0.49507326
0.4982795
0.46836233
0.49521157
0.49843606
0.4685817
0.49539757
0.49851176
0.47654864
0.5039649
0.5069509
0.47040078
0.4974831
0.50018215
0.4193444
0.44562355
0.4482538
0.47291043
0.49956614
0.5018823
0.47807336
0.50462157
0.5069902
0.47151887
0.4971041
0.49949571
0.46938398
0.49442366
0.49685347
0.46831298
0.49328148
0.49580163
0.46617368
0.4911478
0.4933863
0.46270835
0.4876821
0.48990774
0.46146086
0.48684075
0.4890967
0.4614839
0.48695573
0.48912632
0.46136364
0.48723623
0.48945093
0.4620107
0.48790208
0.49016672
0.46201625
0.4881283
0.4904261
0.46210587
0.48835763
0.49069914
0.4613144
0.48773178
0.49023893
0.4592766
0.48554265
0.48832655
0.45939612
0.4855361
0.4884257
0.4593502
0.48545027
0.48842
0.4581806
0.48422652
0.487297
0.45914367
0.48513663
0.48833558
0.4590558
0.4849335
0.48848286
0.45906794
0.4850327
0.48875457
0.46221495
0.48790568
0.49198315
0.46071398
0.48670602
0.49108067
0.45862904
0.4845387
0.48941898
0.45807442
0.48398843
0.48903322
0.459102
0.48485422
0.4898996
0.45965958
0.4853926
0.49033147
0.45567787
0.48644757
0.49011377
0.45853642
0.4890119
0.49253315
0.4593618
0.48950487
0.49296007
0.45934793
0.48931298
0.49278566
0.45897627
0.4886239
0.49208617
0.4583735
0.4878625
0.49129826
0.45562065
0.4850611
0.488463
0.45499745
0.4842042
0.4877379
0.4594734
0.488365
0.49221787
0.45971975
0.4886478
0.4922313
0.46201864
0.49073306
0.49445707
0.46444395
0.49304387
0.49690023
0.46446
0.4928861
0.49643877
0.46314216
0.49131018
0.4947874
0.46279475
0.49069172
0.49404654
0.46245614
0.49027166
0.4935989
0.46391055
0.49146697
0.49472848
0.4710339
0.4987929
0.50188047
0.46877056
0.49590516
0.49890572
0.4654832
0.4924793
0.49550122
0.47080725
0.498083
0.5009807
0.47450557
0.50207865
0.5047121
0.4700641
0.49702772
0.49940908
0.4755787
0.5024806
0.5048011
0.47646466
0.5031984
0.5055432
0.47073308
0.49672148
0.49887842
0.46654966
0.49209335
0.49438375
0.46251673
0.4877842
0.4902732
0.46300685
0.48827118
0.49061382
0.461339
0.48669428
0.48891944
0.4606902
0.48632553
0.48849735
0.4605718
0.48618048
0.48838767
0.46103972
0.48699585
0.48925984
0.46200824
0.48814392
0.49020696
0.4614166
0.487714
0.48991308
0.46078026
0.4871254
0.4894091
0.45948482
0.48597962
0.4884599
0.45656958
0.48270804
0.485288
0.4567147
0.48291895
0.4856787
0.45671523
0.48273605
0.48562562
0.45765588
0.48364037
0.4866765
0.45877984
0.48479906
0.48797655
0.45932925
0.48526654
0.48869225
0.4596965
0.4854822
0.4891718
0.46263394
0.4881603
0.49203664
0.460187
0.4861758
0.49036723
0.45888907
0.48486713
0.48966503
0.45860946
0.48446068
0.4893852
0.45869434
0.48447508
0.48940417
0.45991275
0.4857577
0.4904933
0.45579824
0.48685318
0.4905408
0.45699933
0.48769438
0.49124324
0.45677072
0.48725694
0.4906699
0.4563459
0.4867622
0.4901868
0.45650974
0.48664352
0.4900863
0.4573531
0.4872653
0.490689
0.4569164
0.4866379
0.49001458
0.45627844
0.4859398
0.48932707
0.45874387
0.48835254
0.49178982
0.45931527
0.48878622
0.49234086
0.4606627
0.48999792
0.49361625
0.46127638
0.4906449
0.4941128
0.46249738
0.4915228
0.49478942
0.4621696
0.49096614
0.49411237
0.46259382
0.49119386
0.49429724
0.46227682
0.49086437
0.49390972
0.46946308
0.49816227
0.5009633
0.47403246
0.50312275
0.50580394
0.47418484
0.50312555
0.50561446
0.47357756
0.5024265
0.5048441
0.47568712
0.5045671
0.50685394
0.48061246
0.50968325
0.51203036
0.4789035
0.50775784
0.5097264
0.47828168
0.5069642
0.5087898
0.47694027
0.50490034
0.50660557
0.47276187
0.49951696
0.5012935
0.4687792
0.49495763
0.49691394
0.46608788
0.4922901
0.49430844
0.46337044
0.48954496
0.4915983
0.46301436
0.4893409
0.49116853
0.46220207
0.48854837
0.49038813
0.4622045
0.48852944
0.49032366
0.46196505
0.48855937
0.49047488
0.46119353
0.4880875
0.49009463
0.45908895
0.48601934
0.48801917
0.45860976
0.48552108
0.48756558
0.45824316
0.48532227
0.48749313
0.4578875
0.48480678
0.48722672
0.45804965
0.48476776
0.48732823
0.458871
0.48554972
0.48824334
0.4585294
0.48501077
0.4879804
0.45958033
0.48615313
0.48919693
0.46012342
0.48643836
0.48960578
0.46036565
0.48668662
0.49001488
0.45900172
0.48526454
0.4890124
0.4575495
0.4840508
0.48808578
0.45762455
0.48404416
0.48853114
0.45732236
0.48380232
0.48821458
0.45889977
0.4851811
0.48969606
0.45994106
0.48588842
0.49043635
0.45503184
0.48602638
0.4898971
0.4550127
0.48581156
0.48955852
0.4553303
0.48591036
0.48953068
0.45512226
0.48556685
0.4891786
0.4562054
0.48629582
0.48990792
0.45646372
0.4863913
0.49001613
0.4565714
0.48629555
0.48977906
0.4565767
0.48617014
0.4897323
0.45937937
0.48899433
0.49253902
0.46276966
0.49219507
0.49603593
0.4618327
0.4912007
0.49479473
0.4603313
0.48966384
0.4931074
0.46183226
0.4908269
0.49409577
0.46162733
0.4905663
0.49372286
0.461973
0.49067715
0.49381483
0.46068022
0.48929513
0.49246407
0.47255203
0.50167197
0.5045467
0.46032518
0.48907217
0.49177808
0.46784803
0.49668044
0.49917796
0.4731722
0.5021212
0.5044959
0.4743519
0.50325793
0.50558054
0.4792563
0.50852793
0.5108355
0.4813792
0.510498
0.51242554
0.48164248
0.5106217
0.5124669
0.47930712
0.5075912
0.50940686
0.47261855
0.4997154
0.5015115
0.46873277
0.4951114
0.4970251
0.466065
0.4924624
0.49438807
0.46349683
0.48994055
0.4919151
0.46297455
0.48957014
0.49130103
0.4625778
0.489123
0.49082947
0.46273994
0.48922053
0.49100208
0.4610999
0.48774976
0.48963004
0.4600882
0.4870527
0.4891419
0.45819068
0.48514545
0.4871349
0.4572936
0.48428407
0.4864547
0.45833635
0.48542595
0.48763147
0.45787343
0.4848978
0.48727778
0.45851833
0.48534018
0.48794052
0.45921457
0.4858129
0.48856962
0.4597395
0.48606735
0.48905087
0.46120825
0.48727858
0.49025157
0.46285298
0.48897257
0.49192882
0.46343127
0.48947424
0.49263236
0.4600282
0.48610654
0.48970723
0.45874104
0.48513764
0.48910844
0.4571904
0.4836844
0.48814073
0.45747277
0.48384964
0.48854154
0.45869163
0.48486722
0.48959798
0.45940176
0.48537803
0.48979595
0.44026366
0.47171718
0.47548398
0.4535519
0.48452282
0.48822713
0.44986066
0.48066676
0.48431945
0.44915488
0.48002732
0.48365447
0.4510799
0.48170677
0.4854392
0.45446476
0.484941
0.48857975
0.4546549
0.48497233
0.4885673
0.4539048
0.48421392
0.48774612
0.45617977
0.48607495
0.48947477
0.4581316
0.48794386
0.49148935
0.45812953
0.4880799
0.49158207
0.45750958
0.48755336
0.49096
0.45828843
0.4878429
0.49109885
0.4596064
0.48907512
0.49227494
0.46478224
0.49432784
0.4973435
0.4662243
0.49588072
0.49880624
0.4722277
0.50203717
0.5048592
0.4699299
0.49968633
0.502169
0.4729562
0.50264245
0.5048792
0.47419783
0.5039687
0.50623053
0.47669905
0.5066604
0.5088374
0.47766593
0.50729465
0.5092456
0.4781934
0.5076299
0.5095105
0.47791997
0.5073194
0.5091465
0.47404134
0.5026354
0.50400746
0.46710467
0.49487355
0.4965273
0.4633532
0.49091625
0.4927622
0.4621032
0.48949224
0.49128905
0.4635236
0.49093282
0.49255404
0.46261033
0.48980242
0.49135932
0.4597897
0.4874239
0.48911083
0.46036375
0.48798686
0.48987356
0.45759347
0.48515543
0.48716256
0.45779863
0.48541433
0.48732305
0.45641035
0.48396423
0.485799
0.45644945
0.48402643
0.48587245
0.45655096
0.4839554
0.4860062
0.45715138
0.4843938
0.4867301
0.45648268
0.48366898
0.48628825
0.4569252
0.48402926
0.4868081
0.45898822
0.485829
0.48872617
0.46291405
0.48954642
0.49236292
0.4637931
0.49021336
0.49316064
0.46229243
0.48874873
0.49174744
0.45920962
0.48577216
0.48909104
0.45947936
0.48620597
0.4898003
0.45909336
0.4857022
0.48960632
0.46097785
0.48749328
0.49131712
0.4605113
0.4866158
0.4908674
0.45901522
0.48520893
0.48943034
0.48680985
0.5187529
0.52273816
0.49129295
0.5228017
0.52680576
0.44137904
0.47226512
0.47619668
0.4502438
0.4810348
0.4849665
0.45827743
0.48913467
0.4929616
0.45096812
0.48162168
0.48533162
0.3973119
0.42770246
0.43136337
0.42424005
0.45445538
0.45811263
0.43309677
0.46308804
0.46670488
0.43782812
0.46792644
0.4714924
0.4399278
0.4702773
0.47364068
0.44489998
0.47529736
0.4785967
0.4517577
0.48164234
0.48482007
0.45582703
0.48550573
0.4886909
0.46021318
0.48982054
0.49287823
0.4606756
0.49022472
0.49336627
0.46008295
0.48946318
0.4922584
0.46413615
0.49381852
0.49639925
0.4679476
0.49757302
0.4997651
0.46979374
0.49919716
0.501225
0.47143453
0.5007486
0.50260067
0.4738051
0.5032967
0.50524306
0.47516266
0.50459415
0.5064114
0.47573164
0.50506186
0.506862
0.47057527
0.4990836
0.500544
0.4635355
0.49159017
0.4931573
0.46058264
0.48819423
0.49007112
0.45824808
0.48568577
0.48766568
0.46097496
0.48833802
0.49012646
0.46071506
0.4880032
0.48952013
0.4582439
0.48574808
0.48756295
0.45772496
0.48517293
0.4872695
0.45636776
0.48397985
0.48611557
0.4569394
0.48450968
0.48651558
0.45617285
0.48370433
0.48566955
0.45630115
0.4837857
0.4858306
0.455885
0.48319802
0.48548836
0.4555774
0.4826952
0.48519218
0.4559262
0.48291135
0.48581284
0.45573646
0.4826344
0.4856883
0.4598426
0.48651603
0.48968622
0.46436188
0.490934
0.49386185
0.46255603
0.48922917
0.4921802
0.46229532
0.48882487
0.49188194
0.46028903
0.48698166
0.49034405
0.4610617
0.48807412
0.49155375
0.45986515
0.48659763
0.49032924
0.46093065
0.48751503
0.4913129
0.46059242
0.48683998
0.49085185
0.45787603
0.48428518
0.48839903
0.4391065
0.47051656
0.474748
0.43873897
0.4700272
0.47460777
0.44273186
0.47391617
0.47833887
0.44747627
0.4787436
0.4829214
0.44990173
0.4808977
0.48494333
0.45044515
0.48130238
0.48541257
0.45513096
0.4856642
0.48965105
0.45191368
0.48234963
0.48617396
0.43744525
0.46818808
0.4714576
0.500611
0.53106207
0.5342465
0.50538105
0.5356051
0.53884125
0.503739
0.5341783
0.53733844
0.45507324
0.48594642
0.48907262
0.4514323
0.48223397
0.4852738
0.44841903
0.47912818
0.48216295
0.4297605
0.46012253
0.4633016
0.43124327
0.46125957
0.46423808
0.45520148
0.48511437
0.4877324
0.46419778
0.49416876
0.496553
0.46321532
0.49319226
0.4955865
0.45266223
0.48251945
0.4847153
0.45409283
0.4837271
0.48588902
0.45526087
0.48486975
0.48676956
0.45356712
0.48329487
0.4852686
0.4570462
0.48647812
0.4882982
0.45752195
0.48663172
0.48848212
0.45631698
0.48505884
0.4869272
0.45521045
0.4839811
0.48587182
0.45608598
0.48491973
0.48661208
0.45717224
0.48574683
0.48765922
0.45584506
0.48452875
0.48651856
0.45573947
0.48447612
0.48644677
0.45515773
0.48378745
0.48574612
0.4548711
0.48318234
0.48524547
0.45462066
0.48298687
0.4849481
0.45482624
0.48324612
0.48521283
0.45503697
0.48335412
0.4856819
0.45450267
0.48254803
0.48500338
0.4564738
0.48417783
0.48694658
0.4578689
0.4854442
0.4884971
0.4609088
0.4881644
0.4910938
0.46144736
0.48872992
0.49144727
0.4602454
0.4874765
0.49043334
0.45839557
0.4857308
0.48877215
0.457622
0.48516342
0.4886625
0.4604322
0.48777956
0.4911915
0.45843014
0.48565695
0.48929757
0.4589559
0.48622513
0.4899309
0.4577082
0.4845995
0.4884195
0.458176
0.48499107
0.48891714
0.43778834
0.469283
0.47349522
0.44227308
0.47361046
0.4782357
0.4452533
0.47630036
0.4812323
0.44607985
0.47721726
0.48195043
0.44671503
0.47766697
0.48212084
0.4520011
0.4827276
0.4871045
0.43226224
0.4629816
0.4672129
0.49462026
0.5255723
0.52922297
0.51233065
0.5426794
0.5462168
0.51661396
0.5466702
0.54996115
0.46614352
0.4965622
0.4999404
0.45794183
0.4883172
0.49167183
0.46662912
0.49789757
0.50100267
0.46273264
0.49397293
0.49688008
0.45742995
0.48824978
0.49119386
0.45200485
0.48293123
0.48600742
0.45416534
0.48474127
0.48746967
0.43245992
0.46288443
0.46543524
0.47439656
0.50502354
0.50733095
0.4860003
0.5165218
0.51906675
0.47127745
0.50186527
0.5041489
0.45656696
0.4866166
0.4888334
0.45324376
0.48321646
0.48529664
0.4488697
0.4788108
0.4810934
0.44660467
0.4763707
0.47858375
0.44648713
0.47609186
0.4781141
0.45076364
0.47995004
0.48184168
0.45282874
0.48181486
0.48365435
0.45364732
0.4825994
0.48436671
0.4555017
0.48429266
0.48631626
0.45630053
0.48518258
0.48733166
0.45561874
0.48449832
0.48662072
0.45510182
0.48379093
0.48594624
0.45465416
0.48313674
0.48539293
0.45606866
0.48450705
0.48668483
0.45664984
0.48507297
0.48730844
0.45577514
0.48414
0.48673582
0.45663008
0.48495778
0.4878223
0.45885742
0.48668396
0.48980364
0.4615519
0.48918432
0.4924946
0.46146184
0.48878148
0.49204266
0.45927867
0.48672923
0.48971146
0.4576695
0.48500386
0.48816037
0.45687297
0.4842518
0.4873606
0.45540735
0.48283187
0.48624468
0.45693478
0.48413676
0.48766145
0.45799956
0.4853199
0.48887905
0.45700166
0.48423404
0.48790318
0.4588603
0.485705
0.4895544
0.45871386
0.4856183
0.4894625
0.43967196
0.47152376
0.4766792
0.44377032
0.4752548
0.48056394
0.44423157
0.4755853
0.48076388
0.446295
0.4776787
0.48283237
0.4388723
0.4699784
0.4750163
0.4570994
0.48819897
0.49291307
0.50542676
0.5358544
0.540339
0.5035067
0.53393984
0.5382067
0.4780677
0.5091836
0.51326245
0.43119875
0.4619825
0.46615592
0.44590053
0.47656822
0.4806207
0.4543671
0.48514014
0.48895612
0.46048492
0.49196255
0.49520734
0.45662162
0.48783258
0.49104995
0.45423704
0.48514384
0.48805586
0.4607091
0.49171644
0.49450126
0.46833342
0.49983054
0.5019493
0.49347165
0.5249929
0.5272234
0.4862313
0.5176363
0.5199595
0.47210845
0.5029334
0.5052642
0.4755218
0.50647944
0.50901663
0.45796078
0.4881247
0.4904025
0.45397118
0.48423073
0.4868159
0.45258954
0.48281446
0.4855348
0.45402393
0.48423606
0.4866371
0.45501834
0.48487526
0.48700678
0.45547563
0.4848558
0.48682806
0.4536018
0.48286387
0.48490813
0.4501719
0.47928268
0.48087958
0.47151148
0.50053555
0.50197345
0.4602029
0.48863125
0.49017233
0.46095625
0.48948523
0.4909644
0.45523915
0.48393252
0.48575336
0.4543757
0.48307154
0.48545057
0.45617396
0.48486158
0.48723674
0.45603412
0.48468614
0.48712668
0.45789313
0.48646274
0.4891002
0.4628027
0.4914515
0.49440747
0.46588722
0.49412066
0.49744293
0.47034255
0.49851018
0.502273
0.4674204
0.49552304
0.49889392
0.46098015
0.48889357
0.4920141
0.46028584
0.48806447
0.49094212
0.45963907
0.4874846
0.49029785
0.45783693
0.48546603
0.48873305
0.45579314
0.4833562
0.48645452
0.4564956
0.48393705
0.48736268
0.4569529
0.4844304
0.4879467
0.45612365
0.48328146
0.4869115
0.4588536
0.48583657
0.48961592
0.44274586
0.47441188
0.48010892
0.44461983
0.47623748
0.48175597
0.44600078
0.47720465
0.48296976
0.41611096
0.44744354
0.4526102
0.48037893
0.51232946
0.5177589
0.48951128
0.52062684
0.5259748
0.49385625
0.52467954
0.52927065
0.42087376
0.45119718
0.4556918
0.4270868
0.45749387
0.4620454
0.4423133
0.4732103
0.47771046
0.45007688
0.4809117
0.48525888
0.45340273
0.48428145
0.48865473
0.45199367
0.48355585
0.4871383
0.45126578
0.48286518
0.48619744
0.45174935
0.48310584
0.4861023
0.4595614
0.49085388
0.49373257
0.5072069
0.5381917
0.54064494
0.48005062
0.5117296
0.51475304
0.4822039
0.5134306
0.516125
0.46999127
0.5004114
0.5027059
0.45756575
0.48762727
0.4901044
0.45538697
0.4857691
0.488361
0.45545956
0.48587164
0.48835844
0.457555
0.4879063
0.4904595
0.45877936
0.48905966
0.4913383
0.458894
0.48872367
0.49086198
0.45570064
0.48500043
0.48702377
0.4416292
0.47083855
0.47294182
0.45583043
0.48496857
0.48656642
0.4190558
0.44767198
0.44915563
0.40978748
0.4379171
0.43942994
0.42995325
0.45815152
0.45993537
0.42282772
0.4510421
0.4529526
0.45743567
0.48602667
0.48834693
0.45845407
0.48686013
0.48916528
0.46166205
0.49000475
0.4923802
0.45186985
0.4804127
0.48348397
0.46069846
0.48934206
0.4929044
0.46175513
0.48991343
0.4937107
0.46521163
0.49336824
0.49677107
0.46283633
0.4909834
0.49361593
0.45833886
0.486325
0.48980018
0.45643675
0.48433903
0.48767823
0.4573476
0.48505795
0.4881119
0.4529613
0.48063815
0.48381573
0.45483035
0.4827288
0.48578826
0.45702446
0.48461798
0.48797327
0.45839113
0.4857566
0.48926696
0.45780906
0.48500073
0.48885873
0.46020892
0.48725486
0.49105927
0.44097367
0.47288844
0.47880125
0.40269572
0.43421316
0.4398552
0.46901667
0.5008372
0.5065835
0.48055172
0.5125683
0.5184633
0.481536
0.51337284
0.5193307
0.43868026
0.46970767
0.47573113
0.41222394
0.44311193
0.44885528
0.42925745
0.46052673
0.46584445
0.4476762
0.4789853
0.48389232
0.4506714
0.48197109
0.486611
0.45353228
0.48481593
0.48906782
0.45596743
0.48733196
0.49114665
0.4612661
0.49303508
0.49628478
0.4593425
0.4912196
0.49430898
0.47928882
0.5116141
0.5145191
0.4632338
0.49499878
0.4979533
0.4739675
0.505602
0.50850147
0.48052067
0.51206374
0.51536244
0.47909284
0.5105965
0.5137899
0.4526257
0.483288
0.4864302
0.45207858
0.48259285
0.48557177
0.4588281
0.48964345
0.4922324
0.46164635
0.49250925
0.49483028
0.46369526
0.49426314
0.4963349
0.4591395
0.48920336
0.49132976
0.402062
0.4315133
0.433481
0.39872956
0.42790067
0.42981645
0.44091123
0.47022855
0.4721182
0.4199307
0.44925445
0.45118803
0.39203846
0.4207398
0.42279407
0.40677735
0.43509606
0.4368954
0.39906505
0.42755648
0.42954054
0.4227473
0.45155385
0.4536806
0.46750066
0.4964319
0.4987202
0.43542397
0.4635687
0.4663323
0.45625108
0.48413178
0.48693958
0.4668664
0.4949665
0.4977501
0.46834868
0.49625117
0.49970746
0.46244276
0.48999825
0.49345902
0.45764136
0.4849844
0.4887162
0.4544455
0.48202705
0.4859337
0.45034382
0.4780083
0.4818159
0.44053027
0.4682908
0.47186548
0.4442421
0.47225922
0.47514158
0.451106
0.47888514
0.48191106
0.45217514
0.4798598
0.48307914
0.45567366
0.48310858
0.48655927
0.4557151
0.48323205
0.48667824
0.45948967
0.48698008
0.49085346
0.45954835
0.48668548
0.49051163
0.4705796
0.5024735
0.50874686
0.47868568
0.510858
0.51674473
0.47013116
0.50193596
0.50794625
0.471845
0.50353444
0.50970805
0.40597302
0.43686455
0.44303846
0.4239098
0.45514926
0.46143657
0.4224669
0.45366755
0.4598597
0.4305431
0.46197948
0.46782583
0.4460726
0.47755912
0.48253986
0.44472128
0.4762815
0.48092878
0.44739842
0.47877058
0.48309043
0.44372073
0.474944
0.47931483
0.4364369
0.46835217
0.47179565
0.47329643
0.50577617
0.50902027
0.46526515
0.49714085
0.5006061
0.4611067
0.4926099
0.49576205
0.4659057
0.49750522
0.50025386
0.45961437
0.49052343
0.49392864
0.45734522
0.48811486
0.491477
0.45441207
0.4851298
0.4883454
0.45825347
0.48860243
0.49199647
0.4645035
0.49515012
0.49804762
0.46583807
0.4962556
0.4989224
0.46381074
0.4941497
0.49664202
0.4599073
0.4896768
0.4920979
0.43857047
0.4678841
0.46999884
0.4661577
0.49562204
0.49760798
0.46795955
0.49752912
0.49937645
0.47528505
0.50510275
0.5074593
0.463063
0.4918576
0.49411783
0.42967525
0.4579242
0.46008554
0.42124075
0.44932824
0.4514174
0.46723276
0.49587345
0.49834764
0.47183013
0.5003059
0.50299895
0.4497362
0.4772225
0.48038068
0.40465146
0.4317757
0.43496668
0.40842843
0.4356614
0.43866116
0.4122402
0.43914875
0.44247797
0.41346118
0.44030952
0.44362438
0.40430918
0.43126154
0.43487912
0.416217
0.44328177
0.44721475
0.42442834
0.45155904
0.45510435
0.43646666
0.46404183
0.46727923
0.48054177
0.5088173
0.5113413
0.46031547
0.48773783
0.49053252
0.4614134
0.48904625
0.4919038
0.45722145
0.4845049
0.48769334
0.459525
0.48677453
0.49023893
0.46416298
0.49124196
0.49488357
0.45939896
0.4864297
0.49006736
0.47461152
0.5068521
0.51372147
0.46248713
0.49422315
0.50107235
0.42811704
0.45967695
0.46668732
0.42507347
0.45666513
0.46354064
0.43057907
0.46224937
0.46897614
0.43731913
0.4694518
0.47652602
0.43980035
0.47207716
0.4787784
0.44273978
0.47501728
0.48106408
0.44644594
0.4783782
0.48379672
0.44816697
0.4799624
0.48458007
0.42977303
0.46121103
0.46555674
0.48726192
0.51915187
0.5233532
0.5142852
0.54580235
0.5492001
0.47966003
0.5121373
0.51577604
0.46483633
0.4968018
0.5008831
0.43736246
0.46896
0.47310537
0.42138126
0.45304966
0.456628
0.43008476
0.46163604
0.46578717
0.41531402
0.44643116
0.45059597
0.41325855
0.44446352
0.44810286
0.40642437
0.4369306
0.44035095
0.4100511
0.44015747
0.4433562
0.4336629
0.46431842
0.4676176
0.4416653
0.4725421
0.47559807
0.38674593
0.41654065
0.41930345
0.40393433
0.43329665
0.43572286
0.42049915
0.4492511
0.45172787
0.4441815
0.47297117
0.4757892
0.44260034
0.4715136
0.4743316
0.44200006
0.4705276
0.47336984
0.44114897
0.46944708
0.4726311
0.44683817
0.47505888
0.47809604
0.4597759
0.4874255
0.4903464
0.46083495
0.4885808
0.49171805
0.414661
0.44160762
0.44471696
0.41675216
0.44383886
0.44678122
0.42352197
0.4504483
0.45348454
0.41528672
0.4417026
0.44473267
0.41378146
0.44037214
0.4436646
0.41291013
0.43988672
0.44319737
0.41422668
0.44104952
0.4444711
0.41216213
0.43896255
0.44215053
0.42601693
0.45287985
0.45567498
0.42964557
0.45701987
0.45992374
0.44642922
0.47389144
0.47684103
0.4459537
0.4736483
0.4771109
0.43932405
0.4666273
0.47063348
0.4431408
0.47046816
0.47415182
0.4666195
0.4938514
0.49739802
0.46463743
0.49171364
0.49523923
0.41138372
0.44310486
0.45039228
0.41472805
0.4461967
0.4534921
0.422953
0.4546774
0.4617964
0.4283443
0.45998573
0.46721628
0.43395853
0.4657833
0.47250175
0.43744755
0.46952206
0.47670886
0.43922988
0.47133443
0.47801262
0.43918777
0.47114056
0.47755942
0.44090608
0.47273427
0.4781574
0.36469582
0.39669183
0.40158018
0.5218926
0.55308414
0.5575749
0.50833535
0.5394922
0.543842
0.47921315
0.5115051
0.5151505
0.46807683
0.50017816
0.5039139
0.44385633
0.47538438
0.47987595
0.4458065
0.47743636
0.4821368
0.43921354
0.4710806
0.4752835
0.43705413
0.46880317
0.47337773
0.43883094
0.4704011
0.47538567
0.45267496
0.4840005
0.4888331
0.41797295
0.4484051
0.4520237
0.40378958
0.434
0.43747798
0.40513098
0.4355917
0.43864432
0.41516253
0.4452583
0.44834065
0.4180645
0.44803724
0.45079678
0.4176318
0.44679686
0.44947726
0.41974407
0.44849855
0.45120242
0.4232097
0.451712
0.45449728
0.42712528
0.45563456
0.45852694
0.4341566
0.46240562
0.4657745
0.43956172
0.46762615
0.47099698
0.43675292
0.46453148
0.46800634
0.452452
0.4795492
0.48298183
0.4307232
0.45763612
0.4608892
0.42486158
0.4517573
0.45489565
0.4269869
0.45398664
0.45699137
0.42471236
0.45125642
0.45421225
0.41994086
0.4460559
0.4487339
0.41933444
0.44572455
0.4486535
0.4220901
0.44867826
0.4518437
0.41423985
0.44076842
0.4438488
0.43237543
0.45906445
0.4619531
0.42782903
0.4545802
0.45741916
0.429467
0.45654148
0.45965916
0.44603407
0.47364822
0.47695997
0.45338696
0.48098847
0.48443866
0.4458362
0.47303453
0.4768648
0.44015542
0.46747655
0.47098655
0.37058252
0.3978557
0.40141356
0.45015156
0.47738972
0.4812487
0.41837087
0.45022172
0.45891774
0.42739484
0.45942515
0.46794596
0.4280625
0.46022037
0.46826985
0.42838624
0.460521
0.4683616
0.43386543
0.46594077
0.47359264
0.4358855
0.46748862
0.47534174
0.4358296
0.46766916
0.47486222
0.4203283
0.45243388
0.45849818
0.4581696
0.48993275
0.49536458
0.49071145
0.5223769
0.5274303
0.48058274
0.51230353
0.5172601
0.45034888
0.4816268
0.48673385
0.4329456
0.4643891
0.46927363
0.42933214
0.46050924
0.46564105
0.43587098
0.4675272
0.47269088
0.44494343
0.47669363
0.48169342
0.44927266
0.48080376
0.48583698
0.45692846
0.4880979
0.49330398
0.45695168
0.4877805
0.49280557
0.46600106
0.49679947
0.5010312
0.4280585
0.4588937
0.4627754
0.40086964
0.43175387
0.43564123
0.48589167
0.5173453
0.52135134
0.4386302
0.46993548
0.47392058
0.41779667
0.44766065
0.4509314
0.43721798
0.46709496
0.4704128
0.42639497
0.45526487
0.4588228
0.42726624
0.4559576
0.45971057
0.43950632
0.46804687
0.4719238
0.44094244
0.46925262
0.47310027
0.44020423
0.46820045
0.47136143
0.47964403
0.50801355
0.5110617
0.42640206
0.45352635
0.45701495
0.4144392
0.4412769
0.44468743
0.42648488
0.45357856
0.45664558
0.42605338
0.45305398
0.4557848
0.42255077
0.44909826
0.4518692
0.42203575
0.44883043
0.45191285
0.4241304
0.45084083
0.45378667
0.4134218
0.44011614
0.44368422
0.43904433
0.4656167
0.46919292
0.43908712
0.46546587
0.46880177
0.43271846
0.45962465
0.46258116
0.42609957
0.45294088
0.45573068
0.46654466
0.49406967
0.49697742
0.45225307
0.47948766
0.48297113
0.44010484
0.46766326
0.47123343
0.45482966
0.4825271
0.48584694
0.44096327
0.4684159
0.47215042
0.4416231
0.4690829
0.47273928
0.4233139
0.45511633
0.46427223
0.42844376
0.46044677
0.46958077
0.42827368
0.46013895
0.4687922
0.42753854
0.45924792
0.46777788
0.43150803
0.46334925
0.47141677
0.43395415
0.46602988
0.47352687
0.36316448
0.3950355
0.40160987
0.51215905
0.5439863
0.5498127
0.5074294
0.5383345
0.54422367
0.45985022
0.4911151
0.4964367
0.44394648
0.47482157
0.48011497
0.43209097
0.4631712
0.4690527
0.42208377
0.45302507
0.45834348
0.41132522
0.44220653
0.4477525
0.414958
0.44582847
0.45143038
0.42544413
0.4563812
0.46199638
0.43971843
0.4709446
0.4765624
0.44586325
0.47673303
0.48234585
0.43100876
0.4614583
0.46684825
0.39388117
0.4240197
0.42931643
0.40761527
0.43812108
0.44291735
0.57768446
0.60827464
0.6123282
0.4785143
0.51013654
0.51456606
0.45458862
0.48585266
0.4902342
0.45183071
0.4824485
0.4864249
0.46459866
0.49492702
0.49851453
0.4538209
0.48300073
0.48696533
0.42587027
0.45456332
0.45880646
0.42793962
0.45632893
0.4605036
0.4382608
0.466572
0.4708086
0.37922525
0.40657052
0.4103033
0.43469337
0.46198487
0.4662675
0.39836538
0.4257975
0.42991835
0.42780024
0.4547869
0.45831677
0.42934045
0.45599204
0.45919874
0.42570922
0.45201984
0.45517176
0.42190465
0.44849524
0.4514703
0.42649198
0.45354292
0.4568473
0.4237149
0.4506752
0.4538914
0.4366118
0.46390015
0.46738225
0.4499005
0.4769072
0.4804899
0.43202016
0.45866495
0.4620972
0.42713544
0.45397237
0.4569238
0.4202388
0.44661233
0.44937643
0.4256202
0.45214546
0.45543203
0.44139484
0.4684583
0.47207093
0.441694
0.46931964
0.47299194
0.44707215
0.47481522
0.47841674
0.4358899
0.4632469
0.467389
0.4402654
0.46792653
0.4714386
0.42711535
0.45918152
0.468952
0.42695215
0.45881727
0.46890256
0.42850026
0.4603152
0.46986777
0.42669186
0.45861274
0.4676988
0.43123955
0.46328235
0.4719085
0.42192212
0.4536399
0.46173996
0.48354107
0.5158364
0.5228092
0.48976916
0.5220009
0.52825546
0.44329903
0.4747361
0.48108557
0.42908987
0.4602091
0.4662219
0.42855906
0.45938557
0.4657583
0.4268451
0.45811567
0.46446353
0.4274673
0.45861083
0.46454424
0.43417826
0.46520162
0.47191742
0.43658152
0.4676093
0.4743639
0.4389531
0.4704158
0.47688445
0.42582044
0.45698026
0.46313837
0.36743268
0.39875963
0.4049557
0.3591342
0.39058703
0.39648768
0.43528754
0.46653998
0.4724844
0.4762019
0.5073178
0.5128006
0.44649607
0.4769319
0.48227614
0.45020905
0.48075664
0.48611018
0.47966275
0.5105465
0.5158964
0.45340312
0.48322213
0.4880389
0.44231895
0.47182217
0.47609806
0.4485985
0.4778189
0.4822069
0.3931036
0.4219398
0.4266488
0.40798542
0.43621054
0.44059482
0.43946028
0.4673967
0.4720796
0.40243915
0.4297555
0.4341187
0.41218343
0.43937445
0.44383097
0.43041134
0.45756435
0.46183583
0.4382713
0.46474677
0.46856847
0.42859557
0.45509177
0.45900857
0.42202735
0.44933614
0.45320758
0.42375895
0.4509998
0.45456755
0.42468357
0.45180717
0.4555813
0.4271014
0.4542958
0.45794645
0.43503454
0.46268755
0.4659485
0.43816423
0.46568847
0.46911675
0.42792696
0.45463562
0.4581833
0.42406517
0.4506658
0.45396617
0.4599772
0.48680162
0.489608
0.4470941
0.47347882
0.4768234
0.43208444
0.45869052
0.46269864
0.44796932
0.47536695
0.47988975
0.43219805
0.4599594
0.46393928
0.43220443
0.46006545
0.46393567
0.45401075
0.48199275
0.4853041
0.42431456
0.45608845
0.4669756
0.42603168
0.4580341
0.46846107
0.42683372
0.4588283
0.4685647
0.4289424
0.46097845
0.47039565
0.43038735
0.46243203
0.4712694
0.42696378
0.4587261
0.46721697
0.4276991
0.45926023
0.46672872
0.42381716
0.45517394
0.46213415
0.42415518
0.45546958
0.4623412
0.4190731
0.4499024
0.45669666
0.42128766
0.4518035
0.4587779
0.42150158
0.4521547
0.4591724
0.42382646
0.45458448
0.46130893
0.4281399
0.45891544
0.46634176
0.4299124
0.46066326
0.46781686
0.4439007
0.47499302
0.48208234
0.42831653
0.45926118
0.46601385
0.41547203
0.44682077
0.453677
0.45581055
0.48752975
0.49407163
0.4723226
0.5042126
0.5103463
0.45432758
0.48472628
0.4908934
0.5273178
0.55788875
0.5636741
0.5364978
0.5662144
0.57221967
0.4152473
0.4450158
0.45104796
0.3736741
0.40327474
0.40910894
0.37341815
0.40287614
0.40784517
0.41038537
0.4393295
0.44386786
0.4206933
0.44916436
0.45436153
0.40536577
0.4329632
0.4379156
0.43042424
0.45785332
0.46268883
0.427723
0.45518556
0.45991904
0.40309507
0.4307673
0.4354757
0.4070442
0.43419054
0.4382097
0.41782182
0.443873
0.44798923
0.41833645
0.4449775
0.4497148
0.42379588
0.45072883
0.45526075
0.42420006
0.45128584
0.45535743
0.42361864
0.45056143
0.454205
0.43500432
0.46251968
0.46644783
0.43525103
0.46284106
0.4664716
0.447534
0.4752392
0.47901654
0.4276428
0.45464125
0.4580979
0.4413824
0.46804407
0.47169834
0.4349129
0.46142858
0.46489832
0.4480592
0.4743704
0.47833282
0.44782618
0.47483596
0.47873285
0.4474377
0.47507
0.4794868
0.43413645
0.46213403
0.46653032
0.4573136
0.48540646
0.48916122
0.4723281
0.500843
0.50399727
0.42110813
0.45334017
0.46409893
0.42587483
0.45811522
0.46822587
0.42889476
0.460946
0.47084507
0.42888814
0.46101385
0.47070038
0.42990607
0.461966
0.47109145
0.42749977
0.45913994
0.4680112
0.42313853
0.45439485
0.46323836
0.42301416
0.4543515
0.46259415
0.4236003
0.45497996
0.46274135
0.42592546
0.45713177
0.4647476
0.43161607
0.4627838
0.4698438
0.4316769
0.46266475
0.4703197
0.42318285
0.45425195
0.46157348
0.4305847
0.46122384
0.46967253
0.41628143
0.44657695
0.45505393
0.42302588
0.45377526
0.46148077
0.43170515
0.4626813
0.4703661
0.5072772
0.5381806
0.5456197
0.51153445
0.54166657
0.54927
0.54528916
0.5755081
0.5823501
0.42496887
0.45527178
0.46209744
0.4368643
0.46626085
0.47346047
0.4279663
0.45763877
0.46416983
0.4186407
0.44819325
0.45463017
0.4057463
0.4344286
0.44059065
0.42493695
0.45354763
0.45955646
0.406522
0.43459046
0.44023025
0.40192288
0.42946404
0.43510184
0.4005188
0.4279949
0.43372226
0.39483702
0.42255607
0.4284359
0.41298562
0.44017163
0.4468865
0.44321337
0.47022322
0.47670606
0.44682446
0.47391427
0.480351
0.41559318
0.44344446
0.4493117
0.40237713
0.4298888
0.43591622
0.43207368
0.45970047
0.46515098
0.42681497
0.4537924
0.45834872
0.4297391
0.45641863
0.4604979
0.4356294
0.46299592
0.46723327
0.43268606
0.46047774
0.46451867
0.42821383
0.4554455
0.45918187
0.4413928
0.46828225
0.47256145
0.43386346
0.46040833
0.4641456
0.422925
0.4494093
0.45282716
0.4145703
0.44085184
0.44458556
0.40337622
0.43008462
0.4341629
0.45780444
0.4858232
0.48966208
0.4443272
0.47296742
0.47720048
0.4672448
0.49565712
0.4991555
0.4392216
0.4677204
0.47100848
0.4226569
0.45500112
0.4656042
0.42792055
0.46022275
0.47031698
0.43128493
0.46333307
0.4735321
0.4298015
0.46220526
0.47233903
0.42898178
0.4606436
0.4700874
0.4193322
0.45076206
0.46033484
0.42189664
0.45335683
0.4623265
0.42611435
0.45716283
0.4657088
0.4229836
0.45399565
0.46184373
0.42690572
0.4581434
0.46613255
0.42972264
0.46037978
0.46858132
0.41021785
0.44081032
0.44904736
0.4454731
0.47616148
0.48481366
0.43939468
0.47006202
0.47885722
0.44268265
0.4734936
0.48158607
0.45572665
0.4865206
0.4945866
0.41799682
0.44886717
0.45696902
0.3959966
0.4267236
0.43481234
0.3557733
0.3853827
0.39386496
0.40726846
0.43666878
0.4448998
0.41151434
0.44101804
0.44895607
0.38736227
0.41676578
0.4241823
0.39908648
0.4284356
0.43548375
0.41524112
0.44397816
0.4510368
0.40827683
0.43669522
0.44364804
0.41544688
0.44343704
0.45071858
0.42104143
0.4485323
0.45574147
0.44453573
0.47181308
0.4788868
0.4475494
0.47466093
0.48170686
0.4395364
0.46692833
0.47373906
0.44526112
0.47210428
0.47992033
0.43779022
0.46443608
0.47215214
0.43698913
0.4634052
0.4707361
0.43810216
0.46651846
0.47390783
0.4296733
0.4578417
0.4647322
0.40540174
0.4330017
0.4391302
0.40244925
0.4287405
0.43425333
0.42141995
0.44801548
0.45249143
0.41998315
0.44699714
0.45177963
0.4230611
0.45034096
0.45469558
0.42349926
0.4500493
0.45413718
0.443124
0.4698321
0.47431597
0.4288675
0.45519298
0.45892465
0.42081752
0.4470654
0.45057955
0.41689476
0.44303358
0.44699758
0.44742936
0.47410154
0.4782291
0.47403234
0.50249106
0.506585
0.48104358
0.5102535
0.5145431
0.46194124
0.4903194
0.49410635
0.43968025
0.46834284
0.47125816
0.4226951
0.45389938
0.4657017
0.42940214
0.46044862
0.47159624
0.43185112
0.46334493
0.47440258
0.42920414
0.4608661
0.4717863
0.42833483
0.4596103
0.4701638
0.42911765
0.460243
0.4707858
0.4270245
0.45814317
0.46806657
0.42582005
0.45692772
0.46590602
0.4336738
0.4645195
0.47278243
0.42740774
0.45835748
0.46681827
0.43023583
0.46094692
0.46972507
0.43457514
0.46551657
0.47439006
0.43944168
0.47072026
0.4793044
0.43505234
0.46625525
0.4746161
0.43510565
0.4662826
0.47463548
0.43932155
0.47060156
0.47887018
0.44381812
0.47511694
0.4836553
0.44418725
0.4747734
0.4840307
0.44807333
0.4787176
0.48700377
0.38132003
0.4118591
0.4201472
0.3962704
0.425785
0.43536595
0.41196984
0.4406783
0.44881582
0.4177647
0.4455346
0.45347387
0.42167267
0.44957116
0.45727438
0.42147273
0.44913152
0.45696592
0.41358864
0.44086105
0.44967473
0.40374094
0.43088874
0.4401241
0.39066547
0.4178655
0.42679468
0.4243247
0.45111492
0.45988768
0.43784496
0.46441165
0.47279835
0.4212609
0.44675985
0.45497817
0.4239503
0.4504363
0.45754334
0.4354628
0.46167928
0.46886334
0.43431273
0.46128026
0.468495
0.44038868
0.467211
0.47441548
0.44727698
0.47391167
0.48107386
0.4272796
0.45412996
0.46026096
0.40025687
0.42689696
0.43288675
0.3934624
0.4205813
0.42636585
0.41463608
0.44103998
0.4460746
0.41859204
0.44434616
0.4487901
0.42372337
0.44986868
0.45434555
0.4286246
0.45489612
0.45975742
0.42099166
0.4475671
0.4517097
0.41195828
0.43846682
0.44299832
0.40419564
0.4308683
0.43585262
0.43460461
0.46217084
0.46669468
0.49413627
0.52270055
0.5268464
0.4399299
0.4684397
0.47192764
0.44757238
0.47620365
0.47919008
0.4065463
0.44249347
0.45752725
0.37555104
0.40691477
0.41944504
0.3626389
0.3937549
0.4057831
0.36172557
0.39296815
0.40513235
0.36293566
0.3944738
0.40567753
0.37190163
0.40311694
0.41357642
0.37733415
0.40825945
0.4181401
0.38030392
0.41130766
0.42066783
0.4343458
0.46561265
0.47427472
0.4391984
0.47025543
0.47919652
0.4368732
0.46776962
0.47692025
0.43629977
0.46730468
0.47652212
0.4362413
0.46741596
0.47602487
0.43692052
0.46842152
0.47643563
0.4344848
0.46574768
0.47388688
0.44198215
0.4730931
0.48127303
0.42878178
0.45977706
0.4686141
0.3955908
0.4260605
0.43475077
0.39265496
0.4226199
0.43231472
0.41901776
0.4483413
0.45875666
0.42526957
0.45437843
0.46430913
0.415633
0.44400883
0.45262724
0.35401714
0.3819378
0.39045197
0.40961933
0.4371134
0.44570404
0.41565922
0.44319597
0.45207512
0.4108799
0.43812254
0.44711015
0.40463823
0.43192583
0.44098556
0.42162287
0.44895715
0.45795953
0.4119707
0.43824786
0.44712523
0.40528777
0.43149692
0.44059107
0.405025
0.43135896
0.44003674
0.40510014
0.43124804
0.43947768
0.41469097
0.44061255
0.44870022
0.41556707
0.4420035
0.45014906
0.42225564
0.44893712
0.45695156
0.42547354
0.45202336
0.45941007
0.43174917
0.458496
0.46544197
0.42695284
0.45374772
0.46058515
0.4309044
0.45755067
0.46398145
0.40722275
0.43326354
0.439161
0.3977951
0.42361292
0.42884058
0.4120656
0.43864462
0.44321766
0.4183128
0.44475216
0.44933704
0.39645886
0.4228587
0.42765158
0.43884614
0.4654371
0.47063813
0.45352495
0.48070437
0.48578414
0.4643251
0.49208298
0.4964614
0.43351912
0.46174642
0.46586883
0.44938514
0.47788444
0.4812235
0.45490414
0.48364085
0.48640123
0.4187163
0.4509464
0.4658207
0.41042843
0.44147328
0.45486864
0.41413465
0.44514027
0.45762286
0.41505742
0.44616595
0.45859054
0.42268354
0.4541492
0.46618396
0.42497417
0.456435
0.46767092
0.42225993
0.45317918
0.46409163
0.4224328
0.4534767
0.46347815
0.4304602
0.46145457
0.47090274
0.43208292
0.46288222
0.47248185
0.4278383
0.4587938
0.46826804
0.42666683
0.45775092
0.46715283
0.431232
0.46255544
0.47145814
0.43134856
0.46281335
0.47157007
0.4328748
0.46395016
0.47292647
0.43011475
0.4610559
0.46996996
0.41371274
0.44475505
0.45361277
0.41531175
0.44553065
0.45469475
0.42740285
0.45729166
0.46728075
0.42937827
0.45917982
0.46941826
0.43052408
0.459192
0.46931794
0.42025453
0.44751197
0.45695865
0.4175589
0.44502243
0.45392898
0.4137187
0.44125107
0.45040497
0.41741556
0.44418496
0.45420903
0.42470813
0.45163494
0.4618999
0.4330013
0.4596324
0.4701301
0.44844326
0.47492856
0.48527002
0.41386724
0.4399638
0.450344
0.39520165
0.42091915
0.43137488
0.43806654
0.46398845
0.47370034
0.39709288
0.42308187
0.43180743
0.39213395
0.41781825
0.42603838
0.42403343
0.44991833
0.458277
0.4280049
0.45460972
0.46292967
0.43045673
0.4574388
0.46513838
0.43122268
0.45807493
0.46554112
0.42678726
0.4530941
0.46038568
0.43274257
0.45857957
0.46600455
0.4475009
0.4736572
0.48054093
0.38813996
0.41394708
0.42002237
0.41380775
0.4401105
0.44577232
0.42780155
0.45448217
0.459521
0.42173266
0.4488365
0.45330697
0.4170851
0.44473913
0.44959408
0.4369068
0.4645946
0.4697525
0.4454502
0.47364092
0.47812295
0.43362084
0.46215025
0.46660492
0.43336394
0.46205512
0.46549934
0.44042236
0.46924424
0.47196934
0.40692633
0.43744335
0.45324096
0.41571292
0.44713303
0.460982
0.41565067
0.4466897
0.45945293
0.41653737
0.44738033
0.460108
0.42144677
0.45247364
0.46490094
0.4218104
0.45293343
0.46481434
0.42899394
0.4603468
0.47117186
0.4282074
0.4592539
0.47010738
0.42780805
0.45870948
0.46897638
0.42836535
0.45930964
0.46934792
0.42508242
0.45614272
0.4659462
0.42063752
0.45162722
0.461335
0.43012273
0.46119162
0.47063097
0.42849442
0.45966733
0.46884593
0.4307823
0.46155927
0.47084367
0.43237838
0.4626797
0.47195518
0.43207037
0.4628814
0.4719495
0.44717216
0.47738767
0.4868721
0.4044705
0.43418983
0.4440109
0.3780439
0.40740567
0.41792047
0.3847913
0.41298318
0.42376
0.40615684
0.4334444
0.44360885
0.40645796
0.43351945
0.44330072
0.40904942
0.43581796
0.4459753
0.42055595
0.4470464
0.457888
0.44235915
0.4690063
0.47965997
0.44333133
0.4699744
0.48075926
0.43467742
0.461211
0.47213957
0.4066201
0.43328547
0.44401637
0.38266078
0.40889937
0.4199509
0.41738254
0.4432216
0.4534343
0.38551578
0.4113342
0.42048985
0.42466295
0.45046896
0.45913494
0.4322515
0.45866334
0.4672378
0.42159712
0.44813988
0.4563584
0.4201226
0.44719294
0.45477593
0.41163853
0.43763873
0.44537577
0.4204396
0.4465627
0.45378634
0.4284417
0.45430708
0.46217847
0.44894814
0.4753959
0.48284012
0.38773844
0.41361767
0.42059696
0.39197493
0.41893288
0.4252208
0.42270103
0.44984996
0.4552354
0.4206966
0.4480914
0.45288348
0.45509946
0.4836771
0.48871955
0.46308565
0.4914354
0.49569085
0.45350197
0.48196843
0.4862302
0.4497766
0.4784858
0.4821587
0.4541766
0.48271334
0.4863766
0.4422825
0.47122994
0.47371563
0.4106343
0.44056523
0.45549315
0.41551784
0.44620726
0.46069336
0.4157941
0.44634423
0.46005586
0.4192372
0.4500501
0.4629115
0.42372212
0.45449528
0.46736085
0.4252901
0.45633382
0.4684473
0.42673945
0.457634
0.46937695
0.42660946
0.45763358
0.46920598
0.42478785
0.45600483
0.46672937
0.4255267
0.45675352
0.46750602
0.42362717
0.45438772
0.4649235
0.42280278
0.45339313
0.4640727
0.4244237
0.4550261
0.46554026
0.42622516
0.45718613
0.46690875
0.43215513
0.46244392
0.47205588
0.4313523
0.46161082
0.47131178
0.4368778
0.4673748
0.4771429
0.4361313
0.46614295
0.47632328
0.43307337
0.46300894
0.47286773
0.43224177
0.4614935
0.47283918
0.41226944
0.44120312
0.45241523
0.4025136
0.43068007
0.44192454
0.40749365
0.43550217
0.44679996
0.41153634
0.43883213
0.45150256
0.41188824
0.43802208
0.45023322
0.4202814
0.44733047
0.4591442
0.40045643
0.4271331
0.4391156
0.40286428
0.42987344
0.4415399
0.43636888
0.4624932
0.47430658
0.4131686
0.4395049
0.45065543
0.383604
0.40903342
0.4195484
0.37236544
0.39811936
0.4077671
0.39030063
0.4155605
0.425079
0.39947623
0.42396092
0.43293655
0.4149384
0.44019288
0.448566
0.42626902
0.45203218
0.45988274
0.416185
0.44141018
0.4490182
0.42022678
0.44543433
0.4526583
0.4260562
0.451822
0.45961082
0.4332331
0.4597252
0.46796495
0.38940966
0.41617644
0.4238478
0.4100904
0.437484
0.44442502
0.44274008
0.47079504
0.47683614
0.4741788
0.50299203
0.50808203
0.46969226
0.49859172
0.5035316
0.4595085
0.48784235
0.49197587
0.45366424
0.48231438
0.48639265
0.45757097
0.48650244
0.48988187
0.46062034
0.48971823
0.49295673
0.46639028
0.49513084
0.49764833
0.41202378
0.44039807
0.45523366
0.41470325
0.44473422
0.45842072
0.41495177
0.4451328
0.4591099
0.41818133
0.44863814
0.46145314
0.42314684
0.4537959
0.46700135
0.4243334
0.45531264
0.4679921
0.4195627
0.45032725
0.46277317
0.42248592
0.4533
0.46550238
0.42375448
0.45489433
0.46622488
0.42477632
0.45565182
0.46684656
0.4249243
0.45545155
0.46635023
0.4225702
0.4532752
0.46406662
0.4237736
0.45419973
0.46543154
0.42566806
0.45565948
0.46666485
0.4277103
0.45804662
0.4683481
0.42927656
0.45947284
0.46984938
0.4279222
0.45794
0.46851286
0.43005738
0.4598086
0.4706691
0.42978108
0.45917654
0.4696844
0.42641813
0.45559797
0.46701017
0.41920736
0.44871426
0.45980433
0.44257206
0.47152492
0.48257154
0.4482367
0.47698897
0.48863003
0.45066535
0.4790959
0.49168733
0.4525517
0.48008206
0.49343896
0.42500338
0.45197
0.46510434
0.42082456
0.4486024
0.46070698
0.46562478
0.49266267
0.50586694
0.4605074
0.48779902
0.49979052
0.42124265
0.4481024
0.4590406
0.35918877
0.3851021
0.39566627
0.37430763
0.4002429
0.4105234
0.38546294
0.41026795
0.42031187
0.392345
0.4170305
0.42578784
0.39874685
0.42382976
0.4324946
0.41507962
0.439624
0.4475541
0.40089944
0.4254319
0.433252
0.40417698
0.4292435
0.43673807
0.40513876
0.43093023
0.43838215
0.41316125
0.43952498
0.44730315
0.41365975
0.44027773
0.44781426
0.4286915
0.45631292
0.46345997
0.45063272
0.47849977
0.48453093
0.4701302
0.498939
0.50415164
0.4592816
0.4877726
0.492533
0.4522625
0.48114887
0.48515996
0.44851443
0.47732905
0.48076814
0.4549872
0.48405114
0.4871928
0.47193527
0.5012289
0.50414264
0.46799132
0.49693733
0.4990589
0.413172
0.44206867
0.4565648
0.4173221
0.44659126
0.46221375
0.41920716
0.44928083
0.46359432
0.4207264
0.45117542
0.46442914
0.424064
0.45483112
0.4677283
0.42308578
0.45418787
0.46681422
0.4197464
0.45026717
0.46296665
0.41902962
0.44924003
0.46219838
0.42340526
0.45393842
0.46627527
0.41894403
0.44929916
0.4612106
0.42029822
0.45044747
0.4624155
0.42228192
0.45260844
0.46433327
0.4240897
0.45426422
0.46521157
0.42350605
0.45408782
0.46524867
0.42429715
0.45464656
0.46566638
0.42338344
0.45327413
0.4643745
0.42724958
0.4566286
0.4680846
0.42631248
0.45478556
0.46664336
0.42040336
0.44890845
0.46054733
0.41691512
0.44554368
0.45802683
0.4339884
0.4629953
0.47515634
0.44198188
0.4707423
0.48294523
0.45112708
0.47958225
0.49197704
0.4489607
0.47719866
0.48928767
0.42330685
0.45093825
0.46381944
0.4238036
0.45138264
0.46429023
0.43790993
0.46453297
0.47753042
0.49931753
0.52636135
0.5391639
0.4348621
0.46223864
0.47454238
0.4055137
0.4324083
0.44387364
0.42055672
0.44768885
0.4590832
0.42095724
0.44759598
0.45887494
0.4080292
0.43385985
0.44412786
0.39426592
0.4196266
0.4294894
0.39290708
0.4181482
0.42809078
0.39210045
0.41713148
0.42625687
0.39334068
0.4186919
0.42741847
0.39238113
0.41797623
0.42668688
0.3982473
0.42425448
0.43191504
0.4079904
0.43461987
0.44245106
0.41401413
0.44099987
0.4483715
0.43608975
0.4636006
0.47119713
0.45226
0.48004848
0.48687568
0.46030077
0.48863715
0.4941378
0.44684607
0.47560394
0.4805943
0.443551
0.4724055
0.47648737
0.45101225
0.4799358
0.48330477
0.455112
0.4843724
0.4871813
0.47350144
0.503333
0.5059853
0.46889862
0.49836025
0.5003572
0.41867766
0.44787255
0.46404967
0.41902813
0.4491137
0.46481335
0.42180574
0.4522056
0.46662253
0.4249903
0.45549765
0.46947488
0.42185
0.452438
0.46615165
0.41952413
0.45087004
0.46323317
0.41869408
0.44942662
0.46183112
0.41553274
0.4456568
0.45897835
0.4176125
0.44778055
0.46088213
0.4169805
0.44731313
0.45987433
0.4222258
0.45212218
0.4647887
0.42383745
0.45359093
0.46628994
0.4243011
0.4540943
0.46630907
0.42319146
0.45321733
0.46540076
0.42077482
0.4507223
0.46243784
0.41965657
0.44953945
0.46101266
0.40112588
0.43022874
0.44202533
0.39748096
0.42591056
0.43816045
0.39521837
0.42374593
0.4360638
0.41855353
0.44695154
0.46007347
0.44271895
0.4713717
0.48399296
0.44806367
0.47592363
0.48887733
0.44976583
0.47748774
0.49052194
0.4257736
0.4532726
0.46641767
0.40371305
0.43075857
0.44413576
0.45463505
0.48227835
0.49574155
0.48135808
0.5091903
0.5216312
0.4324981
0.45890015
0.47154582
0.42187774
0.4493197
0.46167195
0.4268293
0.45445058
0.46669915
0.43581778
0.46282548
0.47491726
0.43965825
0.46670812
0.47848842
0.44184685
0.46780172
0.4788785
0.43139753
0.45766678
0.4682166
0.43656185
0.46235973
0.473012
0.43764502
0.4630478
0.4728569
0.42780462
0.45314503
0.46223202
0.41758293
0.443222
0.45196435
0.42287672
0.4488558
0.456659
0.43218094
0.45912364
0.46721095
0.4358385
0.46334812
0.47098094
0.44808865
0.47597858
0.48265
0.44418186
0.47234932
0.4789377
0.44619405
0.4745807
0.48015603
0.42324862
0.45223534
0.4568719
0.4119566
0.44096932
0.44473326
0.4154053
0.44444257
0.44757476
0.42958102
0.4589275
0.46157944
0.46384922
0.49379984
0.49647662
0.40477845
0.43430886
0.43632033
0.42272875
0.45245144
0.46848676
0.42343593
0.4534924
0.46892634
0.42391723
0.45431605
0.46858972
0.4237912
0.4542041
0.468071
0.42218682
0.4528936
0.46637252
0.42086247
0.45165125
0.46471974
0.4197775
0.4503201
0.4632899
0.41575807
0.44583267
0.46007726
0.4195627
0.4497155
0.4632212
0.41714895
0.44747806
0.46120885
0.40930054
0.43892792
0.45199743
0.3903336
0.41974634
0.4331113
0.3884907
0.41739547
0.4308734
0.394692
0.42369267
0.43651778
0.39314625
0.42234373
0.4346056
0.3952808
0.424323
0.43651602
0.39281893
0.4220023
0.4342957
0.39541695
0.4243075
0.4369954
0.39950204
0.4275793
0.44045985
0.39840707
0.42666405
0.44029516
0.39426813
0.42296028
0.43633506
0.3902393
0.41834536
0.43189666
0.4007486
0.42880818
0.44208696
0.4010478
0.42900485
0.44235244
0.46664968
0.49474588
0.5086814
0.47891128
0.5064512
0.52081335
0.4159576
0.44242018
0.45635477
0.4042407
0.43091714
0.44455102
0.40430343
0.43187812
0.44487822
0.42050445
0.44686744
0.45959294
0.42480093
0.45121634
0.46477106
0.42679608
0.4530933
0.46561438
0.4308886
0.45781517
0.46931672
0.42988634
0.45618534
0.46772885
0.42919216
0.45464975
0.46665153
0.43042663
0.45657718
0.46713874
0.4339355
0.4600022
0.4694296
0.4301731
0.45542955
0.46515897
0.43330088
0.459896
0.46858385
0.43800905
0.46565154
0.4741999
0.4468377
0.47522613
0.483103
0.46413973
0.49234104
0.49912015
0.46361464
0.49165556
0.49791858
0.47215724
0.5013467
0.5067616
0.47641668
0.5065138
0.5106987
0.50581086
0.5349405
0.5389092
0.4574958
0.48739415
0.49082235
0.47510743
0.5057443
0.50831616
0.46293214
0.49321353
0.49573234
0.44276473
0.47338274
0.47552752
0.4239385
0.45329127
0.4695855
0.4217886
0.451823
0.46728632
0.4213274
0.4519018
0.46593547
0.42155322
0.45198894
0.4657685
0.4195557
0.45019212
0.4636572
0.4172304
0.44773465
0.46095073
0.41374856
0.4441152
0.45729434
0.4122611
0.44239542
0.45664516
0.41671926
0.4473901
0.4598493
0.4209399
0.45203304
0.4649077
0.41430905
0.44362453
0.45771247
0.3935495
0.4223334
0.43691096
0.38985762
0.41841254
0.43280002
0.38939843
0.4184061
0.43165463
0.39098048
0.4199601
0.43280476
0.39064628
0.41964912
0.43240583
0.3883519
0.41763523
0.43065333
0.395543
0.4246261
0.43764728
0.39774957
0.4260648
0.44012722
0.39623415
0.42476332
0.4387819
0.39255032
0.42138264
0.43568754
0.38807237
0.41664058
0.43059853
0.39571372
0.4239839
0.43734452
0.45869234
0.48723987
0.50098366
0.4777531
0.5064539
0.5205641
0.44256052
0.4703533
0.48506093
0.39308143
0.420199
0.43446496
0.3804346
0.4080143
0.42225477
0.38208914
0.4095771
0.42296204
0.37885994
0.40470326
0.41775873
0.396932
0.4229528
0.43643948
0.393771
0.42003787
0.43327978
0.41477507
0.44111273
0.4531706
0.42797685
0.45396015
0.46587083
0.42632312
0.45218194
0.46452788
0.42828527
0.4547998
0.46592885
0.42824718
0.454214
0.46421352
0.4255632
0.45207813
0.46154612
0.43885088
0.46578988
0.47528186
0.46218106
0.48999548
0.49894977
0.46343082
0.49277106
0.50048107
0.46233577
0.49107245
0.49778414
0.45575696
0.48378816
0.48989397
0.44102943
0.46985665
0.47523862
0.47534418
0.5054256
0.509689
0.47257695
0.50228643
0.5060178
0.472872
0.5032133
0.50634605
0.4829021
0.5137207
0.5167601
0.47272044
0.50344986
0.50596935
0.485174
0.5168674
0.5189378
0.4193721
0.44878298
0.4649207
0.419678
0.44969714
0.4647388
0.4172194
0.4476099
0.46215343
0.41580614
0.446093
0.4603878
0.41409978
0.44424024
0.4582341
0.41221482
0.44247097
0.45605832
0.4129033
0.44320175
0.45658937
0.4117064
0.44182554
0.4558855
0.41695103
0.44659147
0.46018454
0.41151792
0.4409926
0.45498416
0.38992637
0.4191297
0.43304643
0.39051276
0.41973144
0.43349364
0.3937087
0.42342508
0.4361711
0.393496
0.42278674
0.43647504
0.39260682
0.4217256
0.43570957
0.39043343
0.41981167
0.43361086
0.42687497
0.45587325
0.4701763
0.42938608
0.45848262
0.4735767
0.43774763
0.46642998
0.48230702
0.4305533
0.459114
0.47458705
0.4149087
0.44373846
0.45869452
0.4072673
0.4359466
0.4498719
0.47407892
0.5026772
0.5167772
0.4858125
0.5139255
0.52887
0.4462635
0.47401196
0.48986897
0.40611494
0.43353754
0.4487336
0.403048
0.4308257
0.4451085
0.4034866
0.4311979
0.445478
0.3716806
0.3994178
0.41301584
0.38268322
0.4100333
0.42413566
0.41191953
0.4389398
0.45301008
0.42413473
0.45087028
0.4642734
0.42547923
0.45200008
0.46462455
0.42641318
0.45252758
0.4646001
0.42458966
0.45115528
0.46299013
0.42390254
0.4503635
0.46153829
0.42405498
0.4509575
0.46127427
0.43584403
0.46325725
0.47363216
0.4570308
0.48486137
0.49482402
0.47021446
0.49875087
0.5075876
0.47942513
0.509089
0.5167721
0.467829
0.49728096
0.50407666
0.4622346
0.49158224
0.49734423
0.45203897
0.481456
0.486342
0.4546102
0.48395315
0.48828763
0.4562725
0.48530257
0.48927176
0.46613023
0.49603438
0.49926186
0.4754866
0.50584275
0.5088054
0.47708493
0.5085248
0.51096797
0.4923937
0.5237572
0.52613884
0.42004383
0.45009187
0.46489948
0.42002493
0.4504322
0.4653118
0.3972759
0.42760813
0.44241115
0.41493413
0.44507152
0.45985952
0.40449354
0.43477353
0.44912872
0.40818822
0.43870854
0.45238838
0.4104686
0.4406729
0.45413712
0.4066046
0.43673855
0.4505039
0.38919953
0.4185463
0.4322101
0.39857748
0.42774937
0.44219503
0.4013692
0.43046096
0.44469908
0.4001598
0.42902365
0.44341037
0.4117319
0.4411087
0.4547541
0.4059843
0.43559647
0.4495991
0.42672485
0.45649317
0.47080627
0.40803206
0.43763462
0.4515426
0.41963562
0.44870687
0.463768
0.43215823
0.46164563
0.4772455
0.43612975
0.4648446
0.4815671
0.42855474
0.4572467
0.47400796
0.40959528
0.43820286
0.4547287
0.47696927
0.5061243
0.52142066
0.49366564
0.52174544
0.5370032
0.47713122
0.5056515
0.52102476
0.40689075
0.4346836
0.45009091
0.41083968
0.43915528
0.45461947
0.40903687
0.4369612
0.45160943
0.42207
0.4500452
0.46508917
0.4240644
0.45232797
0.46644014
0.42618495
0.45420486
0.46840835
0.42841622
0.4558433
0.4698949
0.43389153
0.46092385
0.47400224
0.42731863
0.45401454
0.46716842
0.429281
0.45607513
0.4682435
0.42806014
0.45479187
0.46610892
0.42479166
0.45149165
0.4624859
0.42859897
0.4560244
0.4669186
0.45258832
0.48044884
0.49110058
0.47506636
0.5039935
0.51360047
0.47729236
0.50634205
0.5147761
0.4799823
0.5094842
0.5168728
0.4747083
0.5047789
0.5115489
0.47486526
0.50526226
0.5106185
0.4669784
0.4967315
0.50129145
0.45311925
0.48246604
0.48666885
0.44918612
0.4789678
0.48306704
0.4539336
0.4839187
0.4873412
0.45591855
0.48569995
0.4890482
0.46722057
0.49832934
0.50085324
0.49023303
0.52159774
0.5240705
0.42735246
0.45763952
0.471865
0.42187232
0.45203212
0.46682188
0.4216689
0.45166293
0.4664171
0.41721055
0.44723415
0.46174923
0.40791106
0.438319
0.45198697
0.40482518
0.4354972
0.4490316
0.39076766
0.4206935
0.43471745
0.38730398
0.41690382
0.43154228
0.38955545
0.41909787
0.4334808
0.39677945
0.4261458
0.44058615
0.41032273
0.43948498
0.45422286
0.41185558
0.44088227
0.45569217
0.41168612
0.44109854
0.45571476
0.41850543
0.4483192
0.46276516
0.41848198
0.44815028
0.46350986
0.4278518
0.45736194
0.47305322
0.42472
0.45435855
0.47029313
0.43094048
0.46028855
0.47621748
0.4111528
0.43946034
0.45738506
0.39618772
0.42451012
0.44239676
0.43210158
0.46073192
0.4781408
0.498292
0.5252024
0.5429065
0.46821746
0.49593595
0.51306313
0.4089018
0.4366423
0.45294476
0.4047978
0.4333108
0.44829756
0.4151925
0.4433299
0.45901942
0.41690004
0.4449867
0.46019828
0.41898263
0.44729686
0.4629287
0.4275302
0.4558941
0.470471
0.42762604
0.45552218
0.46994352
0.42723864
0.45496744
0.46918246
0.4305026
0.45795438
0.47155517
0.43148398
0.45878676
0.47196236
0.42807305
0.4553995
0.46791306
0.43214858
0.4596701
0.47124934
0.43798506
0.46566314
0.4771211
0.4533598
0.48206165
0.49273697
0.48187843
0.51128846
0.5212398
0.49060267
0.5198601
0.5286752
0.4839247
0.5134082
0.521345
0.47918126
0.50924695
0.51633894
0.4778445
0.50819916
0.5138861
0.4808094
0.5108737
0.51565635
0.46001148
0.48967412
0.49394816
0.46429363
0.49424133
0.49817628
0.46444166
0.49472198
0.49817842
0.46333107
0.49342385
0.49662933
0.46033892
0.49090058
0.49392888
0.45991763
0.4908927
0.4933129
0.4608117
0.49172795
0.4940772
0.4208515
0.45070106
0.46552134
0.4160419
0.4457029
0.46059343
0.4105459
0.44042405
0.45511913
0.4103956
0.4400229
0.4545033
0.4116661
0.44185555
0.4553006
0.41873682
0.44939074
0.46296835
0.40742564
0.43705082
0.4515786
0.35473558
0.38427126
0.39945012
0.3750042
0.4046132
0.41959402
0.41334286
0.44301668
0.45765078
0.41058996
0.44007418
0.4548091
0.41582152
0.4453087
0.45964408
0.41618752
0.44605166
0.46113196
0.4130473
0.44299892
0.4579512
0.41702008
0.4463834
0.46293122
0.42009374
0.44944787
0.46588567
0.42881513
0.4582577
0.47512484
0.42219383
0.45124438
0.46809515
0.39698863
0.42533356
0.4439996
0.470122
0.49934715
0.5174798
0.4829638
0.5118904
0.53007567
0.5138424
0.5406825
0.5591837
0.39651272
0.4236553
0.44068733
0.39308587
0.421329
0.43655366
0.40213525
0.43074986
0.4462338
0.40172032
0.43032023
0.4453692
0.42027402
0.4489935
0.46404743
0.40262717
0.43090433
0.4464573
0.42010567
0.44817778
0.46321636
0.424266
0.45258188
0.46683913
0.42903787
0.45718887
0.47109783
0.43353364
0.46162352
0.47517577
0.4312845
0.45883
0.47197887
0.4297054
0.45782983
0.470211
0.4330775
0.46114963
0.47329155
0.4539594
0.48219547
0.4939094
0.47051767
0.5000543
0.5100208
0.49054062
0.5203372
0.5293562
0.48777848
0.5175295
0.5259456
0.4885761
0.51825535
0.52606905
0.49180892
0.5218536
0.5286391
0.48495272
0.51541185
0.52050066
0.48417333
0.51446456
0.5188093
0.46364406
0.4935312
0.4972853
0.46450374
0.49467298
0.49804172
0.47785354
0.50902516
0.5120651
0.48790863
0.51883394
0.5221119
0.49648276
0.5276966
0.53057086
0.470631
0.50201964
0.5045016
0.4623232
0.49362564
0.4959386
0.41221854
0.4429144
0.45536253
0.412482
0.44082144
0.45531133
0.41190267
0.44185993
0.4550624
0.41155872
0.44191527
0.45461574
0.4140422
0.4441742
0.4572773
0.41521654
0.44113186
0.45389906
0.3946061
0.41979423
0.43399316
0.3986619
0.4244226
0.43902904
0.39235377
0.41975063
0.43340778
0.3954234
0.42333803
0.43700078
0.3940171
0.42128035
0.435589
0.40060934
0.42803037
0.44192186
0.4281703
0.45795462
0.47376275
0.4001743
0.43146667
0.44767356
0.40985987
0.4406279
0.45868662
0.42867577
0.45968246
0.47712636
0.415991
0.44750363
0.46431166
0.40873975
0.44144088
0.4569852
0.44498837
0.4741326
0.49202695
0.47814378
0.50689816
0.52502257
0.49170104
0.51346993
0.5330302
0.4379295
0.46063468
0.47849488
0.38638824
0.40892982
0.42482507
0.3960374
0.4196295
0.4345469
0.41020158
0.43409142
0.4463219
0.41016668
0.43478283
0.446236
0.4175988
0.4440314
0.457285
0.41579396
0.44384915
0.45832795
0.35745966
0.3863637
0.40122998
0.42938823
0.45891783
0.47174335
0.42708358
0.45612004
0.46927485
0.4279509
0.4557993
0.4693001
0.43807125
0.4668004
0.47868812
0.4335411
0.46307653
0.4752786
0.44583645
0.47553828
0.48681986
0.47099513
0.5019766
0.5124354
0.48475742
0.5152204
0.5236281
0.4769408
0.5076997
0.51613504
0.47558442
0.5059488
0.51299834
0.46991694
0.49973512
0.50665766
0.48421997
0.5147615
0.520617
0.47549215
0.5060236
0.5103875
0.47614712
0.5069694
0.5093739
0.4798661
0.5111464
0.51269495
0.47669664
0.5076514
0.50801367
0.48971245
0.52075016
0.52229446
0.49101546
0.5222783
0.52442694
0.48573506
0.51771027
0.5197828
0.4814436
0.5141093
0.5164617
0.4955834
0.52771616
0.52976793
0.41266546
0.4436878
0.45450184
0.40765297
0.43613526
0.44911423
0.40868908
0.4387617
0.45051
0.4115379
0.4417034
0.4533751
0.4115529
0.4415592
0.45392686
0.38936594
0.41489214
0.42685586
0.39319012
0.4176332
0.43082404
0.40014222
0.4250637
0.43843782
0.3979502
0.4247112
0.43617067
0.40047246
0.42774877
0.4392167
0.39839
0.42441285
0.43824053
0.39268506
0.41875887
0.4329436
0.40297577
0.43241763
0.44862902
0.35114986
0.38598427
0.402292
0.42979363
0.4614797
0.47996745
0.42129466
0.45224366
0.47125825
0.4113921
0.44253364
0.4605942
0.48457778
0.51547563
0.530014
0.48657224
0.5158737
0.5321389
0.49330884
0.5215358
0.5388413
0.4032903
0.42480043
0.44319528
0.36473215
0.38814044
0.4044886
0.3953092
0.41679743
0.4317471
0.40168893
0.42415214
0.4377888
0.40980834
0.4329756
0.44325492
0.41871378
0.4425807
0.4507951
0.41487813
0.4400057
0.45100626
0.42287257
0.44950628
0.46174818
0.4086023
0.4369116
0.45045793
0.4257987
0.45588186
0.46788046
0.4338425
0.46272945
0.4751936
0.42445546
0.45285636
0.46572298
0.42878783
0.4577313
0.46901402
0.45023412
0.4801136
0.49160117
0.46319178
0.49439177
0.50424165
0.48069915
0.51205534
0.5214949
0.48161933
0.512896
0.5201027
0.46640852
0.49806944
0.50529015
0.5012027
0.53118515
0.5377759
0.48496708
0.51588154
0.5213129
0.4659104
0.49564883
0.50060314
0.47877437
0.509364
0.5126147
0.44921577
0.47997764
0.4805109
0.52283686
0.55402946
0.5534939
0.47022697
0.5017052
0.49959826
0.49075267
0.5220172
0.5220821
0.47902867
0.5111394
0.5116351
0.477755
0.51003397
0.5108949
0.47801116
0.5108626
0.51273644
0.48303148
0.5151751
0.51674503
0.41127717
0.44154942
0.45308208
0.40710458
0.43407142
0.44678235
0.41353184
0.4386412
0.45202345
0.4140812
0.43980658
0.4530621
0.39605668
0.42208147
0.4353601
0.39175552
0.41676834
0.430222
0.39505687
0.41857222
0.43235987
0.3963653
0.42025068
0.43426725
0.39265427
0.41927028
0.4320197
0.39581966
0.422891
0.43686575
0.39427778
0.42446488
0.4392146
0.40524733
0.4369475
0.45115846
0.41548875
0.44923002
0.46358144
0.44553977
0.47786546
0.49419057
0.4391585
0.46998024
0.4879643
0.40890926
0.43972367
0.4574194
0.4681578
0.50093085
0.5168213
0.43747023
0.46699446
0.48265642
0.47888586
0.50052893
0.5181148
0.48376998
0.504153
0.5222786
0.37239677
0.39772674
0.41487357
0.3755679
0.40184066
0.41799864
0.37866768
0.4044815
0.4197947
0.3710119
0.39726838
0.41203785
0.39058897
0.41411856
0.42660102
0.3878978
0.41147143
0.4242565
0.39223775
0.4169109
0.4286946
0.4098994
0.4364417
0.44779482
0.37916958
0.40857416
0.4206483
0.42864612
0.45771703
0.46994376
0.4398278
0.46832526
0.48111656
0.43342304
0.46265075
0.47489104
0.43012446
0.45809194
0.47048524
0.46345374
0.49338317
0.5054447
0.48680398
0.5177302
0.5271012
0.4986021
0.52911514
0.536842
0.47955757
0.509368
0.5168073
0.4991481
0.52771163
0.5352201
0.47576177
0.50584126
0.51178336
0.4648434
0.4949427
0.5005589
0.45251828
0.4810095
0.4852155
0.4680004
0.4881242
0.4914867
0.47548768
0.4941394
0.49615306
0.45122096
0.47159147
0.47255564
0.4651336
0.48585445
0.48348823
0.4840161
0.5096571
0.5078771
0.4684099
0.49769935
0.49815378
0.47981432
0.51210237
0.513091
0.488528
0.52131116
0.5222607
0.49583346
0.52767015
0.5285948
